"i"	"xct"	"nStableState"	"rosmax"	"rosmd"	"rosmin"	"camax"	"camd"	"camin"	"nadphmax"	"nadphmd"	"nadphmin"	"gshmax"	"gshmd"	"gshmin"	"gssgmax"	"gssgmd"	"gssgmin"	"cysmax"	"cysmd"	"cysmin"	"cys2max"	"cys2md"	"cys2min"	"glumax"	"glumd"	"glumin"	"pptaseRedmax"	"pptaseRedmd"	"pptaseRedmin"	"tkPhosmax"	"tkPhosmd"	"tkPhosmin"	"glc"	"gln"	"cys2o"	"switchNadphRed"	"kGshPro"	"kGshRed"
1	3	1	0.9139737697615753	0.9139737697615753	0.9139737697615753	1.0139737697615754	1.0139737697615754	1.0139737697615754	0.03163470258263512	0.03163470258263512	0.03163470258263512	87.9472238589532	87.9472238589532	87.9472238589532	1487.7449377498435	1487.7449377498435	1487.7449377498435	867.9074943067577	867.9074943067577	867.9074943067577	180.75353012434957	180.75353012434957	180.75353012434957	1906.0280554150588	1906.0280554150588	1906.0280554150588	0.049038121833292224	0.049038121833292224	0.049038121833292224	0.016938208211022213	0.016938208211022213	0.016938208211022213	0	2000	200	0.7	0.00005	1.7
2	3	1	0.8904297705409903	0.8904297705409903	0.8904297705409903	0.9904297705409902	0.9904297705409902	0.9904297705409902	0.03514434130952174	0.03514434130952174	0.03514434130952174	92.2672596204795	92.2672596204795	92.2672596204795	1485.5849198690803	1485.5849198690803	1485.5849198690803	867.9074943067577	867.9074943067577	867.9074943067577	162.7028407186554	162.7028407186554	162.7028407186554	1906.0280554150588	1906.0280554150588	1906.0280554150588	0.05088916175543016	0.05088916175543016	0.05088916175543016	0.016423284065177974	0.016423284065177974	0.016423284065177974	2	2000	200	0.7	0.00005	1.7
3	3	1	0.8692319994060864	0.8692319994060864	0.8692319994060864	0.9692319994060865	0.9692319994060865	0.9692319994060865	0.03862553625037388	0.03862553625037388	0.03862553625037388	96.45053069893767	96.45053069893767	96.45053069893767	1483.4932843298513	1483.4932843298513	1483.4932843298513	867.9074943067577	867.9074943067577	867.9074943067577	148.03895871322246	148.03895871322246	148.03895871322246	1906.0280554150588	1906.0280554150588	1906.0280554150588	0.052597790513695966	0.052597790513695966	0.052597790513695966	0.015975004737287125	0.015975004737287125	0.015975004737287125	4	2000	200	0.7	0.00005	1.7
4	3	1	0.8499991709536602	0.8499991709536602	0.8499991709536602	0.9499991709536602	0.9499991709536602	0.9499991709536602	0.04207842441553806	0.04207842441553806	0.04207842441553806	100.5086486635513	100.5086486635513	100.5086486635513	1481.4642253475445	1481.4642253475445	1481.4642253475445	867.9074943067577	867.9074943067577	867.9074943067577	135.89111868299167	135.89111868299167	135.89111868299167	1906.0280554150588	1906.0280554150588	1906.0280554150588	0.054180058075684795	0.054180058075684795	0.054180058075684795	0.015581163837850426	0.015581163837850426	0.015581163837850426	6	2000	200	0.7	0.00005	1.7
5	3	1	0.832430588172035	0.832430588172035	0.832430588172035	0.932430588172035	0.932430588172035	0.932430588172035	0.04550316496618556	0.04550316496618556	0.04550316496618556	104.45166397969749	104.45166397969749	104.45166397969749	1479.4927176894714	1479.4927176894714	1479.4927176894714	867.9074943067577	867.9074943067577	867.9074943067577	125.66343836729634	125.66343836729634	125.66343836729634	1906.0280554150588	1906.0280554150588	1906.0280554150588	0.0556497606449605	0.0556497606449605	0.0556497606449605	0.01523234799602828	0.01523234799602828	0.01523234799602828	8	2000	200	0.7	0.00005	1.7
6	3	1	0.8162856296407517	0.8162856296407517	0.8162856296407517	0.9162856296407518	0.9162856296407518	0.9162856296407518	0.04889993523715602	0.04889993523715602	0.04889993523715602	108.2883512892973	108.2883512892973	108.2883512892973	1477.5743740346716	1477.5743740346716	1477.5743740346716	867.9074943067577	867.9074943067577	867.9074943067577	116.93439139568349	116.93439139568349	116.93439139568349	1906.0280554150588	1906.0280554150588	1906.0280554150588	0.057018803046066435	0.057018803046066435	0.057018803046066435	0.014921185615813437	0.014921185615813437	0.014921185615813437	10	2000	200	0.7	0.00005	1.7
7	3	1	0.8013692408046943	0.8013692408046943	0.8013692408046943	0.9013692408046943	0.9013692408046943	0.9013692408046943	0.05226892753763755	0.05226892753763755	0.05226892753763755	112.02643075422814	112.02643075422814	112.02643075422814	1475.705334302206	1475.705334302206	1475.705334302206	867.9074943067577	867.9074943067577	867.9074943067577	109.39738838390603	109.39738838390603	109.39738838390603	1906.0280554150588	1906.0280554150588	1906.0280554150588	0.05829749946372208	0.05829749946372208	0.05829749946372208	0.014641824486285551	0.014641824486285551	0.014641824486285551	12	2000	200	0.7	0.00005	1.7
8	3	3	0.7875214660889172	0.01659454694394753	0.006786969967272994	0.8875214660889171	0.11659454694394754	0.106786969967273	0.07247622733112706	0.06517653981074523	0.05561034654761639	1123.6848691123396	751.4429303389082	115.67274224278755	1473.8821785579264	1155.997084509866	969.8761151231503	867.9074943067577	867.9074943067577	867.9074943067577	102.82410596648708	87.73224511225852	78.89599633988365	1906.0280554150588	1906.0280554150588	1906.0280554150588	0.0999396372297018	0.09977965085128217	0.05949482235838167	0.014389561208503352	0.009109156316726624	0.0090959004886532	14	2000	200	0.7	0.00005	1.7
9	3	3	0.7746097614964178	0.024758575070230583	0.004567948356966833	0.8746097614964179	0.12475857507023058	0.10456794835696682	0.08236704862503282	0.06689837980308158	0.05892440717758949	1355.3341643172182	636.9117079730852	119.23338414255201	1472.1018576080442	1213.2626956927775	854.0514675207111	867.9074943067577	867.9074943067577	867.9074943067577	97.04101305612991	85.47418013824277	69.42198684665932	1906.0280554150588	1906.0280554150588	1906.0280554150588	0.09996630787123836	0.09961277671936522	0.060618608467181374	0.01416057356135431	0.009123024066439243	0.009093694417483937	16	2000	200	0.7	0.00005	1.7
10	3	3	0.7625232586775694	0.03150469667205318	0.0036346224952609196	0.8625232586775694	0.13150469667205317	0.10363462249526093	0.09137898477676759	0.06951320015956408	0.06221133279340384	1512.68415732882	580.1358241376851	122.71382523963982	1470.3616370595003	1241.6506376104776	775.3764710149101	867.9074943067577	867.9074943067577	867.9074943067577	91.91386696752228	82.25896884504814	62.57548363241343	1906.0280554150588	1906.0280554150588	1906.0280554150588	0.09997597813546495	0.09945987593045362	0.06167572954326392	0.013951724054603364	0.009135767709396635	0.009092894802610727	18	2000	200	0.7	0.00005	1.7
11	3	3	0.7511684232128965	0.03774688358555896	0.0030884658438972814	0.8511684232128963	0.13774688358555895	0.10308846584389729	0.10010733282557226	0.0723797173748437	0.06547135373239968	1636.762703469876	542.8528423784214	126.1189958159292	1468.6590517713555	1260.2921284901095	713.3371979443821	867.9074943067577	867.9074943067577	867.9074943067577	87.337191615384	79.00119499820752	57.11953365302827	1906.0280554150588	1906.0280554150588	1906.0280554150588	0.09998113420367123	0.0993094587911687	0.06267223422198342	0.01376041359820336	0.009148339137882475	0.009092468515083014	20	2000	200	0.7	0.00005	1.7
12	3	3	0.7404657251291549	0.043699914358248965	0.0027259840988358877	0.8404657251291547	0.14369991435824897	0.10272598409883589	0.10866212579968676	0.07535321608829884	0.0687047060545408	1739.2457624335564	515.7075222932232	129.45336251786836	1466.991868420386	1273.8647885327084	662.0956684625419	867.9074943067577	867.9074943067577	867.9074943067577	83.226965001581	75.88374409321469	52.62260538493588	1906.0280554150588	1906.0280554150588	1906.0280554150588	0.09998432908694617	0.09915974228447387	0.06361346626390113	0.013584471031632215	0.009160886413545823	0.009092204392222712	22	2000	200	0.7	0.00005	1.7
13	3	3	0.7303470551411119	0.049452196443786095	0.0024673321035662225	0.8303470551411118	0.1494521964437861	0.10246733210356622	0.11707469791545874	0.07837646182432546	0.07191163048502151	1825.970185515503	494.773896340428	132.72099041491094	1465.3580544718645	1284.3316015091061	618.7334569215686	867.9074943067577	867.9074943067577	867.9074943067577	79.51542925224311	72.95665092744046	48.84133179975647	1906.0280554150588	1906.0280554150588	1906.0280554150588	0.09998648938098063	0.0990104001455632	0.06450416345251246	0.013422068696031748	0.009173436650674481	0.009092025808152803	24	2000	200	0.7	0.00005	1.7
14	3	3	0.7207536976581697	0.05504939751332814	0.0022735664533569235	0.8207536976581697	0.15504939751332814	0.10227356645335693	0.12535414536679007	0.08142121021495753	0.07509237151434406	1900.5358476572471	478.0122721338823	135.92559484572791	1463.7557522564562	1292.712413612379	581.4506258506966	867.9074943067577	867.9074943067577	867.9074943067577	76.14733761808168	70.22843496367894	45.615437363590075	1906.0280554150588	1906.0280554150588	1906.0280554150588	0.09998803866547813	0.09886148008467596	0.0653485406183465	0.013271657178672838	0.009185985706074987	0.009091897738457169	26	2000	200	0.7	0.00005	1.7
15	3	3	0.7116347245907773	0.06051849534384386	0.0021231576493159878	0.8116347245907772	0.16051849534384385	0.10212315764931598	0.13350228143055246	0.08447166532945152	0.07824717662900826	1965.41050857428	464.2256474234573	139.0705850499316	1462.1832571543544	1299.6057259675915	549.0132953921801	867.9074943067577	867.9074943067577	867.9074943067577	73.07719476392371	67.69233380144495	42.83135917208807	1906.0280554150588	1906.0280554150588	1906.0280554150588	0.09998919855008284	0.09871313223075039	0.0661503596028783	0.01313191434964941	0.00919852072588101	0.009091801860385926	28	2000	200	0.7	0.00005	1.7
16	3	3	0.7029457107931958	0.06587697157840747	0.002003164955897274	0.8029457107931958	0.16587697157840747	0.10200316495589727	0.1415186458334941	0.08751825041820992	0.08137629565139462	2022.3915760081886	452.6528101648318	142.1591011376414	1460.6389991104995	1305.3921445969042	520.5227616752259	867.9074943067577	867.9074943067577	867.9074943067577	70.26719661387267	65.33590581302818	40.40516451078026	1906.0280554150588	1906.0280554150588	1906.0280554150588	0.09999009604971068	0.09856552349960454	0.06691298844317756	0.013001705176737332	0.00921102729268968	0.009091727672899242	30	2000	200	0.7	0.00005	1.7
17	3	3	0.6946476979135677	0.0711369735710573	0.0019053230775048615	0.7946476979135677	0.1711369735710573	0.10190532307750486	0.149402355227507	0.09055482710463685	0.08447998017161083	2072.839466378252	442.781027923257	145.19404561489398	1459.1215268718731	1310.3280357176916	495.29881649019416	867.9074943067577	867.9074943067577	867.9074943067577	67.68567126352993	63.14499567911364	38.27305237282096	1906.0280554150588	1906.0280554150588	1906.0280554150588	0.09999080899418383	0.09841880845509522	0.06763945162937204	0.012880049755808512	0.009223491885304929	0.009091668741638938	32	2000	200	0.7	0.00005	1.7
18	3	3	0.6867063519477861	0.07630742700351123	0.0018241012675822123	0.7867063519477859	0.17630742700351124	0.10182410126758222	0.15715278886097292	0.0935773022944243	0.08755848305732825	2117.8114867914605	434.24958841910507	148.17811042922946	1457.6294944647054	1314.5937554697675	472.8128062835898	867.9074943067577	867.9074943067577	867.9074943067577	65.30588432535205	61.1054606837697	36.38550869945902	1906.0280554150588	1906.0280554150588	1906.0280554150588	0.09999138759903779	0.09827312008185127	0.06833247294229411	0.012766097665991972	0.00923590268059173	0.00909162091531563	34	2000	200	0.7	0.00005	1.7
19	3	3	0.6790912731938936	0.08139520183622131	0.0017556586802299767	0.7790912731938936	0.18139520183622132	0.10175565868022998	0.1647698096527554	0.09658286898304322	0.09061205803019372	2158.145646762213	426.7959004313226	151.11380030539007	1456.161649526625	1318.3205994636587	452.64572629821356	867.9074943067577	867.9074943067577	867.9074943067577	63.10511305614313	59.203917076113	34.703470121715675	1906.0280554150588	1906.0280554150588	1906.0280554150588	0.09999186562838769	0.09812856810509621	0.06899451210161509	0.01265910723916674	0.009248249722756379	0.009091581402742488	36	2000	200	0.7	0.00005	1.7
20	3	3	0.6717754271100715	0.08640579844945395	0.001697245629263655	0.7717754271100714	0.18640579844945396	0.10169724562926365	0.17225379518206124	0.09956956492559653	0.09364095929943049	2194.5164391246544	420.22343598366336	154.00345299073268	1454.7168231839537	1321.6068316874885	434.4603301169928	867.9074943067577	867.9074943067577	867.9074943067577	61.06392126933233	57.42803205495596	33.19569336746124	1906.0280554150588	1906.0280554150588	1906.0280554150588	0.09999226656796155	0.097985240186624	0.06962779623182667	0.012558428680967404	0.009260524848319678	0.00909154826246011	38	2000	200	0.7	0.00005	1.7
21	3	3	0.6647346718336979	0.09134377256990077	0.0016468427763938866	0.7647346718336979	0.19134377256990076	0.10164684277639388	0.17960559367301313	0.10253600258805651	0.0966454412448642	2227.473637723509	414.3816959948567	156.84925691270513	1453.2939212229676	1324.5277016818918	417.9817308175655	867.9074943067577	867.9074943067577	867.9074943067577	59.16558600790743	55.76659926189891	31.83689354717661	1906.0280554150588	1906.0280554150588	1906.0280554150588	0.09999260722550818	0.0978432041110378	0.07023434697367724	0.012463490234775311	0.009272721524208216	0.009091520105072044	40	2000	200	0.7	0.00005	1.7
22	3	3	0.6579473635400273	0.09621300964081313	0.0016029345749414504	0.7579473635400272	0.19621300964081312	0.10160293457494145	0.18682645485632535	0.10548119685114465	0.09962575814291809	2257.470179315786	409.1531752572125	159.65326665857566	1451.8919163500323	1327.1419620507138	402.9834600214271	867.9074943067577	867.9074943067577	867.9074943067577	57.39564017211595	54.20951161859257	30.606394424400655	1906.0280554150588	1906.0280554150588	1906.0280554150588	0.09999289992496882	0.09770251017901171	0.0708160039233828	0.012373786768126336	0.009284834664836558	0.009091495911846546	42	2000	200	0.7	0.00005	1.7
23	3	3	0.6513940249084845	0.10101690827073546	0.001564362028041777	0.7513940249084845	0.20101690827073546	0.10156436202804178	0.1939179573158371	0.10840445119040476	0.10258216393018604	2284.8827095786887	404.4445924782021	162.41741661464275	1450.5098413719986	1329.496253440219	389.2771948899757	867.9074943067577	867.9074943067577	867.9074943067577	55.741504635608116	52.747687972717706	29.487130771143832	1906.0280554150588	1906.0280554150588	1906.0280554150588	0.09999315389396753	0.09756319348794294	0.07137444496416037	0.012288870301240503	0.009296860455450246	0.009091474920011765	44	2000	200	0.7	0.00005	1.7
24	3	3	0.6450570650768882	0.10575850659732798	0.0015302241425538155	0.7450570650768882	0.20575850659732797	0.10153022414255382	0.20088194121981043	0.11130528023973334	0.10551491200006452	2310.027027457398	400.18082022330356	165.1435330440111	1449.1467831573145	1331.6281395676683	376.70503595062115	867.9074943067577	867.9074943067577	867.9074943067577	54.192190069226235	51.37298207173424	28.464898992529623	1906.0280554150588	1906.0280554150588	1906.0280554150588	0.09999337616934821	0.09742527598225076	0.07191120395886749	0.012208342103018775	0.009308796192110544	0.009091456547895923	46	2000	200	0.7	0.00005	1.7
25	3	3	0.6389205418522859	0.11044057161358425	0.001499810278017333	0.7389205418522857	0.21044057161358426	0.10149981027801734	0.20772044954591407	0.11418335576105719	0.10842425502864579	2333.169885133819	396.30058012468714	167.83334483540995	1447.8018772616151	1333.5682596169765	365.13360711241046	867.9074943067577	867.9074943067577	867.9074943067577	52.738053535479246	50.07808824791395	27.527786401123034	1906.0280554150588	1906.0280554150588	1906.0280554150588	0.0999935722045667	0.097288768244271	0.07242768619440891	0.01213184606009031	0.009320640141223711	0.009091440344715727	48	2000	200	0.7	0.00005	1.7
26	3	3	0.6329699587942119	0.11506566378137517	0.0014725526617191066	0.7329699587942119	0.21506566378137515	0.10147255266171912	0.21443567830266988	0.11703846811060024	0.1113104448266766	2354.53812789874	392.75332479898566	170.4884931179695	1446.4743031203354	1335.3418872798272	354.4494857299499	867.9074943067577	867.9074943067577	867.9074943067577	51.37059846583942	48.85645086230658	26.665731241674546	1906.0280554150588	1906.0280554150588	1906.0280554150588	0.09999374628698915	0.09715367103458307	0.07292518190462727	0.012059063085928542	0.009332391418276818	0.0090914259560799	50	2000	200	0.7	0.00005	1.7
27	3	3	0.6271920912252118	0.11963618475667843	0.0014479923980537546	0.7271920912252117	0.21963618475667845	0.10144799239805374	0.22102993514039804	0.1198704982248243	0.11417373221489295	2374.325857607216	389.49693705918713	173.11053990646315	1445.1632797260886	1336.9700811497266	344.55562087571207	867.9074943067577	867.9074943067577	867.9074943067577	50.082309260792506	47.70218069437375	25.87017981348569	1906.0280554150588	1906.0280554150588	1906.0280554150588	0.0999939018307349	0.09701997660524109	0.07340487814588112	0.011989706384450662	0.009344049884150574	0.009091413099781289	52	2000	200	0.7	0.00005	1.7
28	3	3	0.6215748363522571	0.12415441333602235	0.0014257547082500823	0.721574836352257	0.22415441333602235	0.10142575470825008	0.22750560534062675	0.12267939690607825	0.11701436692047146	2392.700105560474	386.49600408317974	175.70097591681463	1443.8680617209127	1338.4705476377303	335.36849689908297	867.9074943067577	867.9074943067577	867.9074943067577	48.86651371734087	46.609979429739674	25.133816626996627	1906.0280554150588	1906.0280554150588	1906.0280554150588	0.09999404158610364	0.09688766981337661	0.07386786925624295	0.011923517419343074	0.00935561605698746	0.009091401548484764	54	2000	200	0.7	0.00005	1.7
29	3	3	0.6161070835738564	0.12862253304603885	0.0014055306086920628	0.7161070835738563	0.22862253304603883	0.10140553060869206	0.23386512409556415	0.1254651692729836	0.11983259749270819	2409.8053666738238	383.72050373772333	178.26122767154226	1442.587935843549	1339.8582978104585	326.8158663424081	867.9074943067577	867.9074943067577	867.9074943067577	47.7172679712056	45.57507234381464	24.45035012535088	1906.0280554150588	1906.0280554150588	1906.0280554150588	0.0999941677919111	0.09675672906191657	0.07431516609347935	0.011860262469166112	0.009367091037605902	0.009091391117134662	56	2000	200	0.7	0.00005	1.7
30	3	3	0.6107786017554372	0.13304265372082477	0.0013870631600974238	0.7107786017554372	0.23304265372082478	0.10138706316009742	0.24011095405485416	0.1282278629287833	0.12262867123635737	2425.7672538741526	381.1447913549872	180.7926639983916	1441.3222176801244	1341.1461540018265	318.83492274224386	867.9074943067577	867.9074943067577	867.9074943067577	46.62925976930801	44.59314875598413	23.814341118893147	1906.0280554150588	1906.0280554150588	1906.0280554150588	0.09999428228800764	0.09662712709152503	0.07474770421731049	0.011799729670974864	0.0093784764466329	0.009091381653653714	58	2000	200	0.7	0.00005	1.7
31	3	3	0.6055799408208814	0.13741682870801128	0.0013701370135712487	0.7055799408208814	0.23741682870801128	0.10137013701357125	0.24624556723658372	0.13096755884791195	0.12540283416134626	2440.695465940774	378.746808858255	183.29660201202304	1440.0702486733085	1342.3451452501927	311.3708167089331	867.9074943067577	867.9074943067577	867.9074943067577	45.597726753832006	43.66030959533565	23.221064364384887	1906.0280554150588	1906.0280554150588	1906.0280554150588	0.09999438659955161	0.09649883164465183	0.07516635115677013	0.01174172647316131	0.00938977437176625	0.009091373031976858	60	2000	200	0.7	0.00005	1.7
32	3	3	0.6005023454618883	0.14174706887506267	0.001354570369200614	0.7005023454618883	0.24174706887506267	0.1013545703692006	0.2522714305313055	0.13368436427767783	0.12815533094783765	2454.6862147115608	376.5074606904662	185.77431265774408	1438.831393350448	1343.464819334087	304.3754423235397	867.9074943067577	867.9074943067577	867.9074943067577	44.61838710847368	42.77302134128459	22.66639608854001	1906.0280554150588	1906.0280554150588	1906.0280554150588	0.09999448200093398	0.09637180601935787	0.07557191288290185	0.011686077432538152	0.009400987323821663	0.009091365146767172	62	2000	200	0.7	0.00005	1.7
33	3	3	0.5955376791328287	0.14603535426862338	0.001340208723483638	0.6955376791328287	0.24603535426862339	0.10134020872348365	0.25819099415282515	0.13637840715259444	0.13088640492584433	2467.8242230491064	374.41011642905795	188.22702588749704	1437.6050367355715	1344.513491464791	297.8064381547668	867.9074943067577	867.9074943067577	867.9074943067577	43.68738043867003	41.9280756069191	22.146721983883765	1906.0280554150588	1906.0280554150588	1906.0280554150588	0.09999456956483449	0.0962460095276371	0.07596513958980812	0.011632622302151866	0.009412118200447581	0.009091357909360848	64	2000	200	0.7	0.00005	1.7
34	3	3	0.5906783567951114	0.15028364406002007	0.0013269199592597315	0.6906783567951114	0.25028364406002007	0.10132691995925973	0.26400668250028714	0.139049831657	0.1335962980688183	2480.184379428651	372.4402107054158	190.65593553132052	1436.3905819136598	1345.4984443266121	291.62635996499455	867.9074943067577	867.9074943067577	867.9074943067577	42.80121716620973	41.12255367809587	21.658861480670883	1906.0280554150588	1906.0280554150588	1906.0280554150588	0.09999465020027261	0.09612139787034846	0.07634673087263186	0.011581214365545326	0.009423170256593574	0.009091351244621912	66	2000	200	0.7	0.00005	1.7
35	3	3	0.5859172851158532	0.15449388525671293	0.001314590454448106	0.6859172851158531	0.2544938852567129	0.1013145904544481	0.2697208869908112	0.14169879466816282	0.13628525100084504	2491.8331159116988	370.5849186316848	193.062203922053	1435.1874477182937	1346.4260903634777	285.80199172347073	867.9074943067577	867.9074943067577	867.9074943067577	41.95673504104799	40.3537953843296	21.20000504981277	1906.0280554150588	1906.0280554150588	1906.0280554150588	0.09999472468241462	0.09599792343860938	0.07671734037892054	0.011531718980660558	0.009434147080996057	0.009091345088478366	68	2000	200	0.7	0.00005	1.7
36	3	3	0.5812478090217371	0.1586680205516262	0.0013031219719423339	0.6812478090217371	0.2586680205516262	0.10130312197194234	0.2753359605012451	0.14432546288056408	0.13895350301728016	2502.829561838067	368.8328903722207	195.44696632696915	1433.9950665158356	1347.3021044932098	280.30376876028646	867.9074943067577	867.9074943067577	867.9074943067577	41.15106162911258	39.619371745768476	20.767662007663247	1906.0280554150588	1906.0280554150588	1906.0280554150588	0.09999479367613738	0.0958755355495488	0.077077579999617	0.011484012302643213	0.009445052578100152	0.009091339385974442	70	2000	200	0.7	0.00005	1.7
37	3	3	0.5766636636688183	0.16280799560619064	0.0012924291541826173	0.6766636636688182	0.2628079956061906	0.10129242915418263	0.28085421312319603	0.14693001046126547	0.14160129211886988	2513.226514562674	367.17403244149017	197.81133523720544	1432.8128820607174	1348.131533458575	275.10529239798313	867.9074943067577	867.9074943067577	867.9074943067577	40.381581839274624	38.91706090739448	20.359616836999177	1906.0280554150588	1906.0280554150588	1906.0280554150588	0.09999485775481512	0.0957541806226269	0.07742802365732603	0.011437980159765458	0.009455890954972257	0.009091334089717702	72	2000	200	0.7	0.00005	1.7
38	3	3	0.5721589310193369	0.16691576600954836	0.001282437489967392	0.6721589310193369	0.26691576600954836	0.10128243748996739	0.2862779089893557	0.14951261712206054	0.1442288550596151	2523.0712600974384	365.59932620731485	200.15640456417225	1431.6403473972339	1348.9188865756628	270.1829196306008	867.9074943067577	867.9074943067577	867.9074943067577	39.64590971676009	38.24482693374963	19.973892454474317	1906.0280554150588	1906.0280554150588	1906.0280554150588	0.09999491741541638	0.09563380230124752	0.0777692107422684	0.011393517060743198	0.009466666712878425	0.009091329158631149	74	2000	200	0.7	0.00005	1.7
39	3	3	0.5677280003224465	0.17099330411967673	0.0012730816531355106	0.6677280003224465	0.2709933041196767	0.1012730816531355	0.29160926397316145	0.15207346652040604	0.1468364274088647	2532.4062699557167	364.1006762293343	202.48325379163464	1430.4769227835027	1349.668211564653	265.5154147014617	867.9074943067577	867.9074943067577	867.9074943067577	38.941863862726805	37.60080109358126	19.608719175572716	1906.0280554150588	1906.0280554150588	1906.0280554150588	0.0999949730907257	0.09551434152306887	0.07810164924024797	0.01135052531506033	0.00947738464331285	0.00909132455694301	76	2000	200	0.7	0.00005	1.7
40	3	3	0.563365531881183	0.17504260596814905	0.0012643041363549657	0.663365531881183	0.27504260596814906	0.10126430413635497	0.29685044409975014	0.15461274492063698	0.1494242436283769	2541.269795371878	362.67078267551443	204.79295213278843	1429.3220736129258	1350.3831583415629	261.08365199338107	867.9074943067577	867.9074943067577	867.9074943067577	38.26744594716667	36.983265313479045	19.26250837719393	1906.0280554150588	1906.0280554150588	1906.0280554150588	0.09999502515930604	0.09539573654121318	0.07842581859185722	0.011308914250663054	0.00948804982836253	0.009091320253363257	78	2000	200	0.7	0.00005	1.7
41	3	3	0.5590664235560392	0.1790656983962296	0.0012560541208028965	0.6590664235560392	0.2790656983962296	0.1012560541208029	0.3020035645354342	0.15713064006154534	0.15199253716536448	2549.6963760396457	361.3030332800009	207.08656274352737	1428.1752683075565	1351.0670330393198	256.87036165949735	867.9074943067577	867.9074943067577	867.9074943067577	37.62082186985292	36.39063752305408	18.933830052771683	1906.0280554150588	1906.0280554150588	1906.0280554150588	0.09999507395367231	0.09527792289743935	0.07874217231790048	0.011268599515658766	0.009498667645392185	0.009091316220408013	80	2000	200	0.7	0.00005	1.7
42	3	3	0.5548257795084676	0.183064646584325	0.0012482865356906458	0.6548257795084675	0.283064646584325	0.10124828653569065	0.30707068904679974	0.15962734018736477	0.15454154056286265	2557.7172773251805	359.9914112366033	209.3651470463083	1427.035976156166	1351.7228440610183	252.85991101672985	867.9074943067577	867.9074943067577	867.9074943067577	37.00030519573628	35.82145865196712	18.621393608081235	1906.0280554150588	1906.0280554150588	1906.0280554150588	0.09999511976703813	0.09516083334723459	0.07905114044251553	0.011229502452532006	0.009509243776131573	0.009091312433841876	82	2000	200	0.7	0.00005	1.7
43	3	3	0.550638880727149	0.1870415621385511	0.0012409612715572173	0.6506388807271489	0.2870415621385511	0.10124096127155723	0.3120538298399976	0.16210303320746616	0.15707148558912634	2565.3608673737776	358.73041613740827	211.62976922374986	1425.9036650674452	1352.3533416106159	249.03811599243124	867.9074943067577	867.9074943067577	867.9074943067577	36.40434255013518	35.274381071740564	18.324031367206953	1906.0280554150588	1906.0280554150588	1906.0280554150588	0.0999951628589167	0.09504439773565633	0.07935313174264802	0.011191549534941513	0.00951978422034933	0.009091308872214971	84	2000	200	0.7	0.00005	1.7
44	3	3	0.546501156907001	0.19099861190695996	0.001234042518863765	0.6465011569070009	0.29099861190695997	0.10123404251886377	0.3169549477067071	0.16455790595629824	0.15958260338820376	2572.6529434982986	357.5149956186547	213.8815009476023	1424.777799205519	1352.9610518699928	245.39207793017079	867.9074943067577	867.9074943067577	867.9074943067577	35.83150070772597	34.74815830339827	18.04068435472533	1906.0280554150588	1906.0280554150588	1906.0280554150588	0.09999520345979572	0.09492854282156887	0.07964853585032007	0.011154671858440953	0.009530295314407458	0.00909130551647654	86	2000	200	0.7	0.00005	1.7
45	3	3	0.5424081592661513	0.1949380277139699	0.0012274982092755017	0.6424081592661512	0.2949380277139699	0.1012274982092755	0.32177595241626766	0.166992143529768	0.16207512465435617	2579.61701560332	356.340485804829	216.1214264173461	1423.657836470647	1353.5483067769057	241.91004187766006	867.9074943067577	867.9074943067577	867.9074943067577	35.28045514966993	34.2416358361546	17.770389997472332	1906.0280554150588	1906.0280554150588	1906.0280554150588	0.09999524177505917	0.09481319204662104	0.07993772523250171	0.01111880467751279	0.009540783755113564	0.009091302349650773	88	2000	200	0.7	0.00005	1.7
46	3	3	0.5383555338894276	0.19886211722539585	0.0012212995415536111	0.6383555338894276	0.29886211722539585	0.10122129954155362	0.326518703304141	0.16940592867768334	0.16454927983362785	2586.2745530773036	355.2025589753142	218.35064779388873	1422.5432257823757	1354.117270191663	238.5812731406682	867.9074943067577	867.9074943067577	867.9074943067577	34.74997989676166	33.7537429231569	17.51227145147326	1906.0280554150588	1906.0280554150588	1906.0280554150588	0.09999527798829329	0.09469826524384051	0.08022105707233095	0.011083886982151984	0.009551256629429504	0.009091299356563555	90	2000	200	0.7	0.00005	1.7
47	3	3	0.5343389951776814	0.20277327618936836	0.0012154205775189997	0.6343389951776813	0.30277327618936833	0.10121542057751899	0.33118501001562445	0.17179944123430657	0.16700529935664743	2592.645200510962	354.0971771367136	220.57029112825248	1421.433404115194	1354.6699611109634	235.3959494238393	867.9074943067577	867.9074943067577	867.9074943067577	34.23893845448549	33.283485238154164	17.26552830991781	1906.0280554150588	1906.0280554150588	1906.0280554150588	0.09999531226408624	0.09458367827900793	0.08049887507494437	0.011049861107907424	0.009561721450762175	0.00909129652361106	92	2000	200	0.7	0.00005	1.7
48	3	3	0.5303542989591243	0.20667400234216293	0.0012098378963290692	0.6303542989591243	0.3066740023421629	0.10120983789632908	0.33577663337093905	0.17417285757065049	0.16944341390770087	2598.746966723036	353.02055038342496	222.78151290362842	1420.327793227506	1355.2082744876077	232.345066317802	867.9074943067577	867.9074943067577	867.9074943067577	33.74627572931178	32.82993829234113	17.029428488933288	1906.0280554150588	1906.0280554150588	1906.0280554150588	0.09999534475040917	0.09446934261592953	0.0807715112213184	0.011016672373800277	0.009572186202763755	0.00909129383856293	94	2000	200	0.7	0.00005	1.7
49	3	3	0.526397214779653	0.21056691132512137	0.001204530297507267	0.6263972147796529	0.3105669113251214	0.10120453029750726	0.34029528632375133	0.17652635005297995	0.17186385473631458	2604.59639085559	351.96909908025077	224.98550733283392	1419.2257960129032	1355.7340001391947	229.4203542515251	867.9074943067577	867.9074943067577	867.9074943067577	33.271010795249865	32.39224152388036	16.803301121265267	1906.0280554150588	1906.0280554150588	1906.0280554150588	0.09999537558064966	0.09435516479423528	0.08103928749435121	0.010984268742899025	0.009582659391816144	0.00909129129039421	96	2000	200	0.7	0.00005	1.7
50	3	3	0.5224634968306247	0.2144547550330357	0.0011994785449093383	0.6224634968306246	0.3144547550330357	0.10119947854490934	0.3447426349900895	0.17886008649210278	0.17426685401909758	2610.208688708708	350.93941901153516	227.18351458357083	1418.1267923875346	1356.2488401735525	226.61420532496604	867.9074943067577	867.9074943067577	867.9074943067577	32.81223040623974	31.969592984053754	16.586530315316402	1906.0280554150588	1906.0280554150588	1906.0280554150588	0.09999540487535515	0.09424104580524306	0.08130251760305451	0.010952600500542444	0.009593150109682636	0.00909128886914124	98	2000	200	0.7	0.00005	1.7
51	3	3	0.5185488528900393	0.2183404429105712	0.0011946651452091617	0.6185488528900392	0.3183404429105712	0.10119466514520917	0.34912029972866243	0.1811742295674291	0.17665264528151028	2615.5978819949155	349.92824871660724	229.37683014300006	1417.0301346078202	1356.7544253210165	223.91960868186226	867.9074943067577	867.9074943067577	867.9074943067577	32.36908316392855	31.561244553917255	16.378549659499296	1906.0280554150588	1906.0280554150588	1906.0280554150588	0.09999543274373325	0.09412688034754323	0.08156150873334152	0.01092161994525825	0.009603668108199442	0.009091286565777642	100	2000	200	0.7	0.00005	1.7
52	3	3	0.5146489105399648	0.22222706683841792	0.0011900741556072792	0.6146489105399647	0.3222270668384179	0.10119007415560727	0.3534298562569499	0.18346893620838328	0.17902146389169174	2620.776912787244	348.9324382738545	231.5668155838402	1415.9351418874	1357.2523305423929	221.33009328569813	867.9074943067577	867.9074943067577	867.9074943067577	31.940774262155664	31.16649763396785	16.17883737045697	1906.0280554150588	1906.0280554150588	1906.0280554150588	0.09999545928494745	0.09401255593900641	0.08181656335774064	0.010891281087310427	0.009614223888377536	0.009091284372107232	102	2000	200	0.7	0.00005	1.7
53	3	3	0.5107591797699569	0.22611793041446795	0.0011856910163729585	0.6107591797699569	0.32611793041446796	0.10118569101637295	0.3576728367902105	0.18574435691342853	0.18137354764167196	2625.7577450963645	347.94891880592826	233.75491106036029	1414.84109414914	1357.744090276356	218.8396771311378	867.9074943067577	867.9074943067577	867.9074943067577	31.526560739397496	30.784699256894537	15.9869119991325	1906.0280554150588	1906.0280554150588	1906.0280554150588	0.09999548458923996	0.09389795185552213	0.0820679811417826	0.010861539349494619	0.009624828806929466	0.00909128228067121	104	2000	200	0.7	0.00005	1.7
54	3	3	0.5068750108699495	0.2300165836508246	0.0011815024045666034	0.6068750108699494	0.3300165836508246	0.10118150240456661	0.36185073119286804	0.18800063498349667	0.1837091374354746	2630.5514552292043	346.97467195431057	235.94264994970504	1413.7472247044675	1358.2312137021647	216.4428220647179	867.9074943067577	867.9074943067577	867.9074943067577	31.125747178762833	30.415238580162928	15.802328621514965	1906.0280554150588	1906.0280554150588	1906.0280554150588	0.09999550873890775	0.09378293785842312	0.08231606099230472	0.010832351264243804	0.009635495204078377	0.009091280284667469	106	2000	200	0.7	0.00005	1.7
55	3	3	0.5029915462377885	0.23392686439388594	0.0011774961058891977	0.6029915462377885	0.3339268643938859	0.10117749610588919	0.36596498813365685	0.19023790564167145	0.18602847810914927	2635.16831234405	346.0066985076721	238.13167616965566	1412.6527115944923	1358.715200425484	214.13439350729521	867.9074943067577	867.9074943067577	867.9074943067577	30.73768180208506	30.057543721153305	15.62467545162225	1906.0280554150588	1906.0280554150588	1906.0280554150588	0.09999553180915391	0.09366737266150539	0.08256110330320356	0.010803674160238646	0.009646236557621648	0.00909127837788025	108	2000	200	0.7	0.00005	1.7
56	3	3	0.4991036643491593	0.23785294815933114	0.0011736609020974065	0.5991036643491593	0.33785294815933115	0.10117366090209741	0.3700170162375072	0.1924562950040527	0.18833181941517574	2639.6178504173517	345.04198525620967	240.32376485919212	1411.5566672497241	1359.1975570512152	211.90962447064413	867.9074943067577	867.9074943067577	867.9074943067577	30.361752910376303	29.711078903003752	15.453570823280305	1906.0280554150588	1906.0280554150588	1906.0280554150588	0.09999555386883217	0.09355110207377268	0.08280341246828088	0.010775465830437954	0.009657067669715117	0.009091276554618591	110	2000	200	0.7	0.00005	1.7
57	3	3	0.49520591362167893	0.24179940859614157	0.0011699864718279773	0.595205913621679	0.34179940859614155	0.10116998647182797	0.3740081852284818	0.1946559188571041	0.19061941721371042	2643.9089326687435	344.0774689691294	242.52084731906342	1410.4581260197883	1359.6798151947553	209.76408334494843	867.9074943067577	867.9074943067577	867.9074943067577	29.997385627480032	29.37534188437801	15.288660494828466	1906.0280554150588	1906.0280554150588	1906.0280554150588	0.09999557498109997	0.09343395673399787	0.0830432997502726	0.010747684171606032	0.009668004894869391	0.009091274809662347	112	2000	200	0.7	0.00005	1.7
58	3	3	0.4912924331921317	0.2457712915121765	0.0011664633030082695	0.5912924331921317	0.3457712915121765	0.10116646330300827	0.37793982705918533	0.1968368811833542	0.19289153492691216	2648.049809347921	343.1099961324071	244.725041399548	1409.3560289795462	1360.1635516131166	207.69364500535954	867.9074943067577	867.9074943067577	867.9074943067577	29.64403890721174	29.049861651276434	15.129615237268247	1906.0280554150588	1906.0280554150588	1906.0280554150588	0.09999559520399293	0.09331574932566393	0.08328108662215587	0.010720286782792288	0.009679066420433901	0.009091273138214714	114	2000	200	0.7	0.00005	1.7
59	3	3	0.48735685662882244	0.24977420639578252	0.0011630826153081308	0.5873568566288224	0.3497742063957825	0.10116308261530813	0.38181323702299624	0.19899927235843703	0.1951484453317494	2652.0481696657075	342.13627670464615	246.93868892700533	1408.2492052158175	1360.650411326997	205.69446484646633	867.9074943067577	867.9074943067577	867.9074943067577	29.30120276656327	28.734196353973477	14.976128671779868	1906.0280554150588	1906.0280554150588	1906.0280554150588	0.09999561459093136	0.0931962711224697	0.0835171087347422	0.01069323050647837	0.009690272614726896	0.009091271535860354	116	2000	200	0.7	0.00005	1.7
60	3	3	0.4833921931862909	0.2538144407870419	0.0011598362913178618	0.5833921931862909	0.3538144407870419	0.10115983629131786	0.38562967484623706	0.2011431669155887	0.19739043279379212	2655.9111885482444	341.1528295972206	249.16440233359208	1407.1363485125241	1361.1421348807098	203.76295540519797	867.9074943067577	867.9074943067577	867.9074943067577	28.968395708512826	28.427931477507336	14.827915327120925	1906.0280554150588	1906.0280554150588	1906.0280554150588	0.09999563319116814	0.09307528766023518	0.08375172071850032	0.010666470890732856	0.009701646463469289	0.009091269998528387	118	2000	200	0.7	0.00005	1.7
61	3	3	0.47939067916914235	0.25789910489666296	0.0011567168153307828	0.5793906791691423	0.35789910489666293	0.10115671681533078	0.38939036575804614	0.2032686207349297	0.19961779608347852	2659.6455688049923	340.1559167776595	251.40512347959373	1406.0159879395233	1361.6405912904904	201.89576527682397	867.9074943067577	867.9074943067577	867.9074943067577	28.645162297323036	28.130678240306374	14.684708891329372	1906.0280554150588	1906.0280554150588	1906.0280554150588	0.09999565105018557	0.09295253325273564	0.08398530210549011	0.010639961542897307	0.009713214123105886	0.00909126852245958	120	2000	200	0.7	0.00005	1.7
62	3	3	0.4753435889742038	0.2620363168715357	0.0011537172187695345	0.5753435889742038	0.3620363168715357	0.10115371721876953	0.39309650153624864	0.20537566745787966	0.20183085197349523	2663.2575792256143	339.1414616992918	253.66419886888127	1404.8864502448794	1362.1478188296742	200.08976006651304	867.9074943067577	867.9074943067577	867.9074943067577	28.331070846374296	27.842072223175585	14.546260635489004	1906.0280554150588	1906.0280554150588	1906.0280554150588	0.09999566821004789	0.09282770395401575	0.0842182647719376	0.0106136533337838	0.009725005631237252	0.009091267104177219	122	2000	200	0.7	0.00005	1.7
63	3	3	0.471240990885001	0.2662354436042948	0.0011508310314319648	0.5712409908850009	0.36623544360429483	0.10115083103143196	0.39674924152796776	0.2074643138416458	0.20402993990145452	2666.7530890558965	338.1049459578987	255.94547727312414	1403.745811042758	1362.6660767003707	198.34200515137198	867.9074943067577	867.9074943067577	867.9074943067577	28.025711172619978	27.561772241030805	14.412337990171295	1906.0280554150588	1906.0280554150588	1906.0280554150588	0.09999568470971516	0.09270044839732895	0.08445106247409297	0.01058749339399216	0.009737055831842	0.009091265740461154	124	2000	200	0.7	0.00005	1.7
64	3	3	0.46707142579315486	0.27050741888639124	0.0011480522378466641	0.5670714257931548	0.3705074188863912	0.10114805223784666	0.4003497136440906	0.2095345336377632	0.20621542811313756	2670.1375992470025	337.04127530225827	258.25343856520243	1402.591830396719	1363.197912028191	196.6497500558189	867.9074943067577	867.9074943067577	867.9074943067577	27.728692361019757	27.28945948418423	14.282723257618045	1906.0280554150588	1906.0280554150588	1906.0280554150588	0.09999570058532324	0.09257035567619817	0.08468420331440103	0.010561423817228284	0.009749405599770711	0.009091264428324669	126	2000	200	0.7	0.00005	1.7
65	3	3	0.46282147615072056	0.2748651715772267	0.0011453752381253013	0.5628214761507205	0.37486517157722665	0.1011453752381253	0.403899015327009	0.21158625937254028	0.20838772190779703	2673.416270824142	335.9446017483639	260.593366948727	1401.4218662049566	1363.746248805138	195.01041426724908	867.9074943067577	867.9074943067577	867.9074943067577	27.43964046391943	27.024836977609855	14.157212444837581	1906.0280554150588	1906.0280554150588	1906.0280554150588	0.09999571587043417	0.09243693901599402	0.08491826639187598	0.010535379943323426	0.009762103491240253	0.009091263164993783	128	2000	200	0.7	0.00005	1.7
66	3	3	0.4584751748119116	0.27932421410970065	0.0011427948127816778	0.5584751748119116	0.37932421410970063	0.10114279481278168	0.40739821449130836	0.2136193710730796	0.2105472749412835	2676.593950679047	334.80808143637495	262.9715888893179	1400.2327552346612	1364.3145089611326	193.42157433979668	867.9074943067577	867.9074943067577	867.9074943067577	27.15819602908568	26.767629440726182	14.035614204605624	1906.0280554150588	1906.0280554150588	1906.0280554150588	0.09999573059626037	0.09229961330711255	0.08515392456767715	0.010509288025096238	0.009775208015673638	0.009091261947888713	130	2000	200	0.7	0.00005	1.7
67	3	3	0.4540131737842765	0.2839034712928775	0.0011403060910569085	0.5540131737842765	0.3839034712928775	0.10114030609105691	0.4108483504372894	0.2156336804219432	0.21269460510343569	2679.675195054515	333.6235359213958	265.39580800814997	1399.020645675245	1364.9067817186221	191.88095215206266	867.9074943067577	867.9074943067577	867.9074943067577	26.88401129621699	26.517583686631248	13.917748872933512	1906.0280554150588	1906.0280554150588	1906.0280554150588	0.09999574479186597	0.09215766343267202	0.08539197641485383	0.010483061967927594	0.009788790839554192	0.009091260774607243	132	2000	200	0.7	0.00005	1.7
68	3	3	0.44941154111881887	0.28862648116484496	0.0011379045223510297	0.5494115411188188	0.38862648116484494	0.10113790452235104	0.4142504347373778	0.2176289078452192	0.21483031746454978	2682.664290957893	332.3809637082294	267.8755900851629	1397.7807546367387	1365.5280678252054	190.38640420037353	867.9074943067577	867.9074943067577	867.9074943067577	26.616746806179933	26.27446979751403	13.80344759292834	1906.0280554150588	1906.0280554150588	1906.0280554150588	0.09999575848434789	0.09201019833383532	0.08563339241087006	0.010456598629312416	0.009802941434614527	0.009091259642909756	134	2000	200	0.7	0.00005	1.7
69	3	3	0.4446399593737567	0.2935231944452263	0.0011355858504116245	0.5446399593737568	0.3935231944452263	0.10113558585041163	0.4176054520956185	0.2196046482505088	0.2169551385740371	2685.565275713041	331.06781062050106	270.42308954421156	1396.5070049072144	1366.1846443690695	188.9359118227996	867.9074943067577	867.9074943067577	867.9074943067577	26.35606699075187	26.03808349139499	13.692551516151939	1906.0280554150588	1906.0280554150588	1906.0280554150588	0.09999577169899876	0.09185608211194334	0.08587938407528764	0.010429770796345201	0.009817774052029273	0.009091258550705751	136	2000	200	0.7	0.00005	1.7
70	3	3	0.4396589157363037	0.29863278248856984	0.001133346089974574	0.5396589157363036	0.3986327824885698	0.10113334608997457	0.4209143611805639	0.22156031767733164	0.21906996984844632	2688.381954836486	329.6678336750243	273.05418271639985	1395.19145832112	1366.8846328418078	187.52757226107713	867.9074943067577	867.9074943067577	867.9074943067577	26.1016339674533	25.80825044028273	13.584911073614407	1906.0280554150588	1906.0280554150588	1906.0280554150588	0.09999578445945426	0.09169382641489467	0.08613151180659698	0.010402416244236946	0.009833438619175947	0.009091257496041696	138	2000	200	0.7	0.00005	1.7
71	3	3	0.43441509471826756	0.30400824280971595	0.001131181505590151	0.5344150947182675	0.4040082428097159	0.10113118150559014	0.4241780954319591	0.22349506598953922	0.22117597491897711	2691.1179184026423	328.1592402811988	275.7903260327745	1393.823386662933	1367.6389295387207	186.15959047799896	867.9074943067577	867.9074943067577	867.9074943067577	25.853098051630017	25.584834013797934	13.480385309435182	1906.0280554150588	1906.0280554150588	1906.0280554150588	0.09999579678782601	0.09152141376422016	0.08639186176304757	0.010374319799509842	0.00985013863501216	0.009091256477090014	140	2000	200	0.7	0.00005	1.7
72	3	3	0.4288333323097825	0.3097244432849026	0.0011290885923997517	0.5288333323097825	0.4097244432849026	0.10112908859239976	0.42739756384169797	0.2254076247338463	0.22327473181412563	2693.776556044725	326.51144115170933	278.66180073442814	1392.387649312106	1368.4628291034655	184.83027165695754	867.9074943067577	867.9074943067577	867.9074943067577	25.61008189231836	25.367749529311165	13.378841270988325	1906.0280554150588	1906.0280554150588	1906.0280554150588	0.09999580870482214	0.09133598867347946	0.08666335493803747	0.010345182004504332	0.009868162467158216	0.009091255492139138	142	2000	200	0.7	0.00005	1.7
73	3	3	0.42280136086653386	0.31589337574237536	0.0011270640586574121	0.5228013608665338	0.4158933757423753	0.10112706405865741	0.43057365170958206	0.2272960193423326	0.2253685207993924	2696.3610707219746	324.67889702137495	281.71386398040505	1390.8616176891176	1369.3791011686326	183.53801431833273	867.9074943067577	867.9074943067577	867.9074943067577	25.372151114817953	25.156992114468657	13.280153450035005	1906.0280554150588	1906.0280554150588	1906.0280554150588	0.09999582022985644	0.09113327136501703	0.08695033362410957	0.010314559657702102	0.009887942775931104	0.009091254539584474	144	2000	200	0.7	0.00005	1.7
74	3	3	0.4161374357846297	0.32269652787843317	0.0011251048098140039	0.5161374357846297	0.42269652787843315	0.101125104809814	0.4337072213744586	0.22915695989304846	0.22746093365972675	2698.8744913697396	322.5880657203238	285.0197997870236	1389.2086497858083	1370.4245168191583	182.28130399445024	867.9074943067577	867.9074943067577	867.9074943067577	25.13875272665161	24.95269691531039	13.18420326994795	1906.0280554150588	1906.0280554150588	1906.0280554150588	0.09999583138114768	0.09090631227538015	0.08725980707624409	0.010281739498167812	0.009910182796799992	0.00909125361792021	146	2000	200	0.7	0.00005	1.7
75	3	3	0.40850923435342024	0.3304659830995588	0.0011232079340043556	0.5085092343534202	0.43046598309955875	0.10112320793400437	0.43679911292134643	0.23098431885397966	0.22955839599928513	2701.3196845365705	320.10471248839536	288.7136068937417	1387.3617462324491	1371.6661934351225	181.05870741103487	867.9074943067577	867.9074943067577	867.9074943067577	24.9090613364583	24.755291591287428	13.090878614661522	1906.0280554150588	1906.0280554150588	1906.0280554150588	0.09999584217580978	0.09064236849772721	0.08760457522702741	0.010245421361386068	0.009936173153780488	0.009091252725731842	148	2000	200	0.7	0.00005	1.7
76	3	3	0.3991656886155596	0.33995258645306853	0.0011213706887950093	0.4991656886155596	0.4399525864530685	0.10112137068879501	0.43985014486518165	0.23276411194359836	0.2316751864251282	2703.699365101545	316.9258493935561	293.0980576767625	1385.169520840939	1373.255624982542	179.86886712854758	867.9074943067577	867.9074943067577	867.9074943067577	24.681470011865613	24.56600426285105	13.000073395446591	1906.0280554150588	1906.0280554150588	1906.0280554150588	0.09999585262993411	0.0903125637453698	0.08801356887038628	0.01020266899292695	0.009968841017146846	0.00909125186168939	150	2000	200	0.7	0.00005	1.7
77	3	3	0.3852506580510586	0.35401227082197445	0.0011195904890667352	0.4852506580510586	0.4540122708219745	0.10111959048906674	0.44286111481183177	0.23444304474811112	0.23386488997461646	2706.0161061553868	311.90041683168965	299.32401511872615	1382.056542119957	1375.7683412634753	178.71049660162677	867.9074943067577	867.9074943067577	867.9074943067577	24.450374602471598	24.39007807797739	12.911687152019987	1906.0280554150588	1906.0280554150588	1906.0280554150588	0.09999586275866447	0.08980677814154688	0.08859696000955193	0.0101423005324213	0.010019359592810332	0.009091251024541188	152	2000	200	0.7	0.00005	1.7
78	3	1	0.001117864895920774	0.001117864895920774	0.001117864895920774	0.10111786489592077	0.10111786489592077	0.10111786489592077	0.4458328000970364	0.4458328000970364	0.4458328000970364	2708.272348120385	2708.272348120385	2708.272348120385	177.58237561912782	177.58237561912782	177.58237561912782	867.9074943067577	867.9074943067577	867.9074943067577	12.825624684860836	12.825624684860836	12.825624684860836	1906.0280554150588	1906.0280554150588	1906.0280554150588	0.09999587257626556	0.09999587257626556	0.09999587257626556	0.009091250213108231	0.009091250213108231	0.009091250213108231	154	2000	200	0.7	0.00005	1.7
79	3	1	0.0011161916065088482	0.0011161916065088482	0.0011161916065088482	0.10111619160650885	0.10111619160650885	0.10111619160650885	0.44876595840393363	0.44876595840393363	0.44876595840393363	2710.4704071765464	2710.4704071765464	2710.4704071765464	176.48334609104688	176.48334609104688	176.48334609104688	867.9074943067577	867.9074943067577	867.9074943067577	12.741795715927136	12.741795715927136	12.741795715927136	1906.0280554150588	1906.0280554150588	1906.0280554150588	0.09999588209618578	0.09999588209618578	0.09999588209618578	0.009091249426278989	0.009091249426278989	0.009091249426278989	156	2000	200	0.7	0.00005	1.7
80	3	1	0.0011145684446990615	0.0011145684446990615	0.0011145684446990615	0.10111456844469906	0.10111456844469906	0.10111456844469906	0.4516613283598371	0.4516613283598371	0.4516613283598371	2712.6124830546855	2712.6124830546855	2712.6124830546855	175.4123081519773	175.4123081519773	175.4123081519773	867.9074943067577	867.9074943067577	867.9074943067577	12.66011457525006	12.66011457525006	12.66011457525006	1906.0280554150588	1906.0280554150588	1906.0280554150588	0.09999589133111446	0.09999589133111446	0.09999589133111446	0.00909124866300466	0.00909124866300466	0.00909124866300466	158	2000	200	0.7	0.00005	1.7
81	3	1	0.0011129933524984125	0.0011129933524984125	0.0011129933524984125	0.10111299335249842	0.10111299335249842	0.10111299335249842	0.4545196301129178	0.4545196301129178	0.4545196301129178	2714.700666251155	2714.700666251155	2714.700666251155	174.36821655374277	174.36821655374277	174.36821655374277	867.9074943067577	867.9074943067577	867.9074943067577	12.580499911136103	12.580499911136103	12.580499911136103	1906.0280554150588	1906.0280554150588	1906.0280554150588	0.09999590029303465	0.09999590029303465	0.09999590029303465	0.009091247922294828	0.009091247922294828	0.009091247922294828	160	2000	200	0.7	0.00005	1.7
82	3	1	0.0011114643821616057	0.0011114643821616057	0.0011114643821616057	0.1011114643821616	0.1011114643821616	0.1011114643821616	0.457341565889442	0.457341565889442	0.457341565889442	2716.736944713612	2716.736944713612	2716.736944713612	173.35007732251407	173.35007732251407	173.35007732251407	867.9074943067577	867.9074943067577	867.9074943067577	12.50287442193144	12.50287442193144	12.50287442193144	1906.0280554150588	1906.0280554150588	1906.0280554150588	0.09999590899327138	0.09999590899327138	0.09999590899327138	0.009091247203213457	0.009091247203213457	0.009091247203213457	162	2000	200	0.7	0.00005	1.7
83	3	1	0.0011099796889229765	0.0011099796889229765	0.0011099796889229765	0.10110997968892298	0.10110997968892298	0.10110997968892298	0.4601278205322064	0.4601278205322064	0.4601278205322064	2718.7232100424517	2718.7232100424517	2718.7232100424517	172.3569446580942	172.3569446580942	172.3569446580942	867.9074943067577	867.9074943067577	867.9074943067577	12.427164607502672	12.427164607502672	12.427164607502672	1906.0280554150588	1906.0280554150588	1906.0280554150588	0.09999591744253604	0.09999591744253604	0.09999591744253604	0.009091246504875231	0.009091246504875231	0.009091246504875231	164	2000	200	0.7	0.00005	1.7
84	3	1	0.0011085375242949657	0.0011085375242949657	0.0011085375242949657	0.10110853752429497	0.10110853752429497	0.10110853752429497	0.4628790620207984	0.4628790620207984	0.4628790620207984	2720.661263248281	2720.661263248281	2720.661263248281	171.3879180551795	171.3879180551795	171.3879180551795	867.9074943067577	867.9074943067577	867.9074943067577	12.353300538766318	12.353300538766318	12.353300538766318	1906.0280554150588	1906.0280554150588	1906.0280554150588	0.09999592565096738	0.09999592565096738	0.09999592565096738	0.009091245826442168	0.009091245826442168	0.009091245826442168	166	2000	200	0.7	0.00005	1.7
85	3	1	0.0011071362298823567	0.0011071362298823567	0.0011071362298823567	0.10110713622988236	0.10110713622988236	0.10110713622988236	0.4655959419742992	0.4655959419742992	0.4655959419742992	2722.552820102033	2722.552820102033	2722.552820102033	170.44213962830364	170.44213962830364	170.44213962830364	867.9074943067577	867.9074943067577	867.9074943067577	12.281215643758367	12.281215643758367	12.281215643758367	1906.0280554150588	1906.0280554150588	1906.0280554150588	0.09999593362816903	0.09999593362816903	0.09999593362816903	0.009091245167120511	0.009091245167120511	0.009091245167120511	168	2000	200	0.7	0.00005	1.7
86	3	1	0.0011057742316666161	0.0011057742316666161	0.0011057742316666161	0.10110577423166661	0.10110577423166661	0.10110577423166661	0.46827909613703145	0.46827909613703145	0.46827909613703145	2724.399516110899	2724.399516110899	2724.399516110899	169.5187916238706	169.5187916238706	169.5187916238706	867.9074943067577	867.9074943067577	867.9074943067577	12.21084650887749	12.21084650887749	12.21084650887749	1906.0280554150588	1906.0280554150588	1906.0280554150588	0.09999594138324433	0.09999594138324433	0.09999594138324433	0.009091244526157853	0.009091244526157853	0.009091244526157853	170	2000	200	0.7	0.00005	1.7
87	3	1	0.0011044500347192384	0.0011044500347192384	0.0011044500347192384	0.10110445003471924	0.10110445003471924	0.10110445003471924	0.4709291448479396	0.4709291448479396	0.4709291448479396	2726.2029111502216	2726.2029111502216	2726.2029111502216	168.61709410420931	168.61709410420931	168.61709410420931	867.9074943067577	867.9074943067577	867.9074943067577	12.142132694062743	12.142132694062743	12.142132694062743	1906.0280554150588	1906.0280554150588	1906.0280554150588	0.0999959489248284	0.0999959489248284	0.0999959489248284	0.00909124390284049	0.00909124390284049	0.00909124390284049	172	2000	200	0.7	0.00005	1.7
88	3	1	0.0011031622183070395	0.0011031622183070395	0.0011031622183070395	0.10110316221830704	0.10110316221830704	0.10110316221830704	0.47354669349417233	0.47354669349417233	0.47354669349417233	2727.964493778739	2727.964493778739	2727.964493778739	167.73630278995063	167.73630278995063	167.73630278995063	867.9074943067577	867.9074943067577	867.9074943067577	12.075016560780918	12.075016560780918	12.075016560780918	1906.0280554150588	1906.0280554150588	1906.0280554150588	0.09999595626111771	0.09999595626111771	0.09999595626111771	0.00909124329649097	0.00909124329649097	0.00909124329649097	174	2000	200	0.7	0.00005	1.7
89	3	1	0.0011019094313559636	0.0011019094313559636	0.0011019094313559636	0.10110190943135597	0.10110190943135597	0.10110190943135597	0.47613233294942603	0.47613233294942603	0.47613233294942603	2729.6856852621218	2729.6856852621218	2729.6856852621218	166.87570704825916	166.87570704825916	166.87570704825916	867.9074943067577	867.9074943067577	867.9074943067577	12.009443111800898	12.009443111800898	12.009443111800898	1906.0280554150588	1906.0280554150588	1906.0280554150588	0.09999596339989757	0.09999596339989757	0.09999596339989757	0.009091242706465821	0.009091242706465821	0.009091242706465821	176	2000	200	0.7	0.00005	1.7
90	3	1	0.0011006903882431716	0.0011006903882431716	0.0011006903882431716	0.10110069038824317	0.10110069038824317	0.10110069038824317	0.47868663999758526	0.47868663999758526	0.47868663999758526	2731.36784332752	2731.36784332752	2731.36784332752	166.03462801556023	166.03462801556023	166.03462801556023	867.9074943067577	867.9074943067577	867.9074943067577	11.945359841824752	11.945359841824752	11.945359841824752	1906.0280554150588	1906.0280554150588	1906.0280554150588	0.09999597034856751	0.09999597034856751	0.09999597034856751	0.009091242132153465	0.009091242132153465	0.009091242132153465	178	2000	200	0.7	0.00005	1.7
91	3	1	0.0010995038648900634	0.0010995038648900634	0.0010995038648900634	0.10109950386489007	0.10109950386489007	0.10109950386489007	0.4812101777421849	0.4812101777421849	0.4812101777421849	2733.012265669838	2733.012265669838	2733.012265669838	165.21241684440093	165.21241684440093	165.21241684440093	867.9074943067577	867.9074943067577	867.9074943067577	11.882716598127981	11.882716598127981	11.882716598127981	1906.0280554150588	1906.0280554150588	1906.0280554150588	0.0999959771141648	0.0999959771141648	0.0999959771141648	0.00909124157297226	0.00909124157297226	0.00909124157297226	180	2000	200	0.7	0.00005	1.7
92	3	1	0.001098348695131454	0.001098348695131454	0.001098348695131454	0.10109834869513146	0.10109834869513146	0.10109834869513146	0.48370349600219936	0.48370349600219936	0.48370349600219936	2734.6201932286685	2734.6201932286685	2734.6201932286685	164.40845306498582	164.40845306498582	164.40845306498582	867.9074943067577	867.9074943067577	867.9074943067577	11.821465450436143	11.821465450436143	11.821465450436143	1906.0280554150588	1906.0280554150588	1906.0280554150588	0.09999598370338629	0.09999598370338629	0.09999598370338629	0.009091241028368698	0.009091241028368698	0.009091241028368698	182	2000	200	0.7	0.00005	1.7
93	3	1	0.001097223767338423	0.001097223767338423	0.001097223767338423	0.10109722376733843	0.10109722376733843	0.10109722376733843	0.48616713169464815	0.48616713169464815	0.48616713169464815	2736.1928132531584	2736.1928132531584	2736.1928132531584	163.62214305274088	163.62214305274088	163.62214305274088	867.9074943067577	867.9074943067577	867.9074943067577	11.76156056933234	11.76156056933234	11.76156056933234	1906.0280554150588	1906.0280554150588	1906.0280554150588	0.09999599012260872	0.09999599012260872	0.09999599012260872	0.009091240497815737	0.009091240497815737	0.009091240497815737	184	2000	200	0.7	0.00005	1.7
94	3	1	0.0010961280212744278	0.0010961280212744278	0.0010961280212744278	0.10109612802127443	0.10109612802127443	0.10109612802127443	0.4886016092044913	0.4886016092044913	0.4886016092044913	2737.7312621706465	2737.7312621706465	2737.7312621706465	162.85291859399686	162.85291859399686	162.85291859399686	867.9074943067577	867.9074943067577	867.9074943067577	11.702958112551004	11.702958112551004	11.702958112551004	1906.0280554150588	1906.0280554150588	1906.0280554150588	0.09999599637790754	0.09999599637790754	0.09999599637790754	0.00909123998081123	0.00909123998081123	0.00909123998081123	186	2000	200	0.7	0.00005	1.7
95	3	1	0.0010950604451661148	0.0010950604451661148	0.0010950604451661148	0.10109506044516611	0.10109506044516611	0.10109506044516611	0.49100744074227215	0.49100744074227215	0.49100744074227215	2739.2366282735443	2739.2366282735443	2739.2366282735443	162.10023554254786	162.10023554254786	162.10023554254786	867.9074943067577	867.9074943067577	867.9074943067577	11.645616118568306	11.645616118568306	11.645616118568306	1906.0280554150588	1906.0280554150588	1906.0280554150588	0.09999600247507447	0.09999600247507447	0.09999600247507447	0.009091239476876482	0.009091239476876482	0.009091239476876482	188	2000	200	0.7	0.00005	1.7
96	3	1	0.0010940200729719432	0.0010940200729719432	0.0010940200729719432	0.10109402007297194	0.10109402007297194	0.10109402007297194	0.493385126689949	0.493385126689949	0.493385126689949	2740.7099542377473	2740.7099542377473	2740.7099542377473	161.3635725604464	161.3635725604464	161.3635725604464	867.9074943067577	867.9074943067577	867.9074943067577	11.589494406949383	11.589494406949383	11.589494406949383	1906.0280554150588	1906.0280554150588	1906.0280554150588	0.09999600841963381	0.09999600841963381	0.09999600841963381	0.009091238985554903	0.009091238985554903	0.009091238985554903	190	2000	200	0.7	0.00005	1.7
97	3	1	0.001093005981833222	0.001093005981833222	0.001093005981833222	0.10109300598183323	0.10109300598183323	0.10109300598183323	0.4957351559353396	0.4957351559353396	0.4957351559353396	2742.152239484752	2742.152239484752	2742.152239484752	160.6424299369441	160.6424299369441	160.6424299369441	867.9074943067577	867.9074943067577	867.9074943067577	11.5345544849577	11.5345544849577	11.5345544849577	1906.0280554150588	1906.0280554150588	1906.0280554150588	0.09999601421685769	0.09999601421685769	0.09999601421685769	0.009091238506410743	0.009091238506410743	0.009091238506410743	192	2000	200	0.7	0.00005	1.7
98	3	1	0.0010920172896935261	0.0010920172896935261	0.0010920172896935261	0.10109201728969353	0.10109201728969353	0.10109201728969353	0.49805800619559093	0.49805800619559093	0.49805800619559093	2743.564442398673	2743.564442398673	2743.564442398673	159.93632847998376	159.93632847998376	159.93632847998376	867.9074943067577	867.9074943067577	867.9074943067577	11.48075945997271	11.48075945997271	11.48075945997271	1906.0280554150588	1906.0280554150588	1906.0280554150588	0.09999601987178021	0.09999601987178021	0.09999601987178021	0.009091238039027928	0.009091238039027928	0.009091238039027928	194	2000	200	0.7	0.00005	1.7
99	3	1	0.0010910531530736668	0.0010910531530736668	0.0010910531530736668	0.10109105315307367	0.10109105315307367	0.10109105315307367	0.5003541443300709	0.5003541443300709	0.5003541443300709	2744.947482408437	2744.947482408437	2744.947482408437	159.2448084751016	159.2448084751016	159.2448084751016	867.9074943067577	867.9074943067577	867.9074943067577	11.428073957299137	11.428073957299137	11.428073957299137	1906.0280554150588	1906.0280554150588	1906.0280554150588	0.09999602538921075	0.09999602538921075	0.09999602538921075	0.009091237583008957	0.009091237583008957	0.009091237583008957	196	2000	200	0.7	0.00005	1.7
100	3	1	0.0010901127649905024	0.0010901127649905024	0.0010901127649905024	0.1010901127649905	0.1010901127649905	0.1010901127649905	0.5026240266430602	0.5026240266430602	0.5026240266430602	2746.3022419446174	2746.3022419446174	2746.3022419446174	158.56742870701143	158.56742870701143	158.56742870701143	867.9074943067577	867.9074943067577	867.9074943067577	11.376464042985136	11.376464042985136	11.376464042985136	1906.0280554150588	1906.0280554150588	1906.0280554150588	0.09999603077374626	0.09999603077374626	0.09999603077374626	0.009091237137973884	0.009091237137973884	0.009091237137973884	198	2000	200	0.7	0.00005	1.7
101	3	1	0.0010891953530088668	0.0010891953530088668	0.0010891953530088668	0.10108919535300886	0.10108919535300886	0.10108919535300886	0.5048680991766146	0.5048680991766146	0.5048680991766146	2747.6295682796103	2747.6295682796103	2747.6295682796103	157.903765539515	157.903765539515	157.903765539515	867.9074943067577	867.9074943067577	867.9074943067577	11.325897151297053	11.325897151297053	11.325897151297053	1906.0280554150588	1906.0280554150588	1906.0280554150588	0.09999603602978291	0.09999603602978291	0.09999603602978291	0.00909123670355936	0.00909123670355936	0.00909123670355936	200	2000	200	0.7	0.00005	1.7
