"i"	"xct"	"nStableState"	"rosmax"	"rosmd"	"rosmin"	"camax"	"camd"	"camin"	"nadphmax"	"nadphmd"	"nadphmin"	"gshmax"	"gshmd"	"gshmin"	"gssgmax"	"gssgmd"	"gssgmin"	"cysmax"	"cysmd"	"cysmin"	"cys2max"	"cys2md"	"cys2min"	"glumax"	"glumd"	"glumin"	"pptaseRedmax"	"pptaseRedmd"	"pptaseRedmin"	"rtkPhosmax"	"rtkPhosmd"	"rtkPhosmin"	"glc"	"gln"	"cys2o"	"switchNadphRed"	"kGshPro"	"kGshRed"
1	3	1	0.9139737697615753	0.9139737697615753	0.9139737697615753	1.0139737697615754	1.0139737697615754	1.0139737697615754	0.03163470258263512	0.03163470258263512	0.03163470258263512	87.9472238589532	87.9472238589532	87.9472238589532	1487.7449377498435	1487.7449377498435	1487.7449377498435	867.9074943067577	867.9074943067577	867.9074943067577	180.75353012434957	180.75353012434957	180.75353012434957	1906.0280554150588	1906.0280554150588	1906.0280554150588	0.049038121833292224	0.049038121833292224	0.049038121833292224	0.016938208211022213	0.016938208211022213	0.016938208211022213	0	2000	200	0.7	0.00005	1.7
2	3	1	0.8162856296407517	0.8162856296407517	0.8162856296407517	0.9162856296407518	0.9162856296407518	0.9162856296407518	0.04889993523715602	0.04889993523715602	0.04889993523715602	108.2883512892973	108.2883512892973	108.2883512892973	1477.5743740346716	1477.5743740346716	1477.5743740346716	867.9074943067577	867.9074943067577	867.9074943067577	116.93439139568349	116.93439139568349	116.93439139568349	1906.0280554150588	1906.0280554150588	1906.0280554150588	0.057018803046066435	0.057018803046066435	0.057018803046066435	0.014921185615813437	0.014921185615813437	0.014921185615813437	10	2000	200	0.7	0.00005	1.7
3	3	3	0.7511684232128965	0.03774688358555896	0.0030884658438972814	0.8511684232128963	0.13774688358555895	0.10308846584389729	0.10010733282557226	0.0723797173748437	0.06547135373239968	1636.762703469876	542.8528423784214	126.1189958159292	1468.6590517713555	1260.2921284901095	713.3371979443821	867.9074943067577	867.9074943067577	867.9074943067577	87.337191615384	79.00119499820752	57.11953365302827	1906.0280554150588	1906.0280554150588	1906.0280554150588	0.09998113420367123	0.0993094587911687	0.06267223422198342	0.01376041359820336	0.009148339137882475	0.009092468515083014	20	2000	200	0.7	0.00005	1.7
4	3	3	0.7029457107931958	0.06587697157840747	0.002003164955897274	0.8029457107931958	0.16587697157840747	0.10200316495589727	0.1415186458334941	0.08751825041820992	0.08137629565139462	2022.3915760081886	452.6528101648318	142.1591011376414	1460.6389991104995	1305.3921445969042	520.5227616752259	867.9074943067577	867.9074943067577	867.9074943067577	70.26719661387267	65.33590581302818	40.40516451078026	1906.0280554150588	1906.0280554150588	1906.0280554150588	0.09999009604971068	0.09856552349960454	0.06691298844317756	0.013001705176737332	0.00921102729268968	0.009091727672899242	30	2000	200	0.7	0.00005	1.7
5	3	3	0.6647346718336979	0.09134377256990077	0.0016468427763938866	0.7647346718336979	0.19134377256990076	0.10164684277639388	0.17960559367301313	0.10253600258805651	0.0966454412448642	2227.473637723509	414.3816959948567	156.84925691270513	1453.2939212229676	1324.5277016818918	417.9817308175655	867.9074943067577	867.9074943067577	867.9074943067577	59.16558600790743	55.76659926189891	31.83689354717661	1906.0280554150588	1906.0280554150588	1906.0280554150588	0.09999260722550818	0.0978432041110378	0.07023434697367724	0.012463490234775311	0.009272721524208216	0.009091520105072044	40	2000	200	0.7	0.00005	1.7
6	3	3	0.6329699587942119	0.11506566378137517	0.0014725526617191066	0.7329699587942119	0.21506566378137515	0.10147255266171912	0.21443567830266988	0.11703846811060024	0.1113104448266766	2354.53812789874	392.75332479898566	170.4884931179695	1446.4743031203354	1335.3418872798272	354.4494857299499	867.9074943067577	867.9074943067577	867.9074943067577	51.37059846583942	48.85645086230658	26.665731241674546	1906.0280554150588	1906.0280554150588	1906.0280554150588	0.09999374628698915	0.09715367103458307	0.07292518190462727	0.012059063085928542	0.009332391418276818	0.0090914259560799	50	2000	200	0.7	0.00005	1.7
7	3	3	0.6055799408208814	0.13741682870801128	0.0013701370135712487	0.7055799408208814	0.23741682870801128	0.10137013701357125	0.24624556723658372	0.13096755884791195	0.12540283416134626	2440.695465940774	378.746808858255	183.29660201202304	1440.0702486733085	1342.3451452501927	311.3708167089331	867.9074943067577	867.9074943067577	867.9074943067577	45.597726753832006	43.66030959533565	23.221064364384887	1906.0280554150588	1906.0280554150588	1906.0280554150588	0.09999438659955161	0.09649883164465183	0.07516635115677013	0.01174172647316131	0.00938977437176625	0.009091373031976858	60	2000	200	0.7	0.00005	1.7
8	3	3	0.5812478090217371	0.1586680205516262	0.0013031219719423339	0.6812478090217371	0.2586680205516262	0.10130312197194234	0.2753359605012451	0.14432546288056408	0.13895350301728016	2502.829561838067	368.8328903722207	195.44696632696915	1433.9950665158356	1347.3021044932098	280.30376876028646	867.9074943067577	867.9074943067577	867.9074943067577	41.15106162911258	39.619371745768476	20.767662007663247	1906.0280554150588	1906.0280554150588	1906.0280554150588	0.09999479367613738	0.0958755355495488	0.077077579999617	0.011484012302643213	0.009445052578100152	0.009091339385974442	70	2000	200	0.7	0.00005	1.7
9	3	3	0.5590664235560392	0.1790656983962296	0.0012560541208028965	0.6590664235560392	0.2790656983962296	0.1012560541208029	0.3020035645354342	0.15713064006154534	0.15199253716536448	2549.6963760396457	361.3030332800009	207.08656274352737	1428.1752683075565	1351.0670330393198	256.87036165949735	867.9074943067577	867.9074943067577	867.9074943067577	37.62082186985292	36.39063752305408	18.933830052771683	1906.0280554150588	1906.0280554150588	1906.0280554150588	0.09999507395367231	0.09527792289743935	0.07874217231790048	0.011268599515658766	0.009498667645392185	0.009091316220408013	80	2000	200	0.7	0.00005	1.7
10	3	3	0.5383555338894276	0.19886211722539585	0.0012212995415536111	0.6383555338894276	0.29886211722539585	0.10122129954155362	0.326518703304141	0.16940592867768334	0.16454927983362785	2586.2745530773036	355.2025589753142	218.35064779388873	1422.5432257823757	1354.117270191663	238.5812731406682	867.9074943067577	867.9074943067577	867.9074943067577	34.74997989676166	33.7537429231569	17.51227145147326	1906.0280554150588	1906.0280554150588	1906.0280554150588	0.09999527798829329	0.09469826524384051	0.08022105707233095	0.011083886982151984	0.009551256629429504	0.009091299356563555	90	2000	200	0.7	0.00005	1.7
11	3	3	0.5185488528900393	0.2183404429105712	0.0011946651452091617	0.6185488528900392	0.3183404429105712	0.10119466514520917	0.34912029972866243	0.1811742295674291	0.17665264528151028	2615.5978819949155	349.92824871660724	229.37683014300006	1417.0301346078202	1356.7544253210165	223.91960868186226	867.9074943067577	867.9074943067577	867.9074943067577	32.36908316392855	31.561244553917255	16.378549659499296	1906.0280554150588	1906.0280554150588	1906.0280554150588	0.09999543274373325	0.09412688034754323	0.08156150873334152	0.01092161994525825	0.009603668108199442	0.009091286565777642	100	2000	200	0.7	0.00005	1.7
12	3	3	0.4991036643491593	0.23785294815933114	0.0011736609020974065	0.5991036643491593	0.33785294815933115	0.10117366090209741	0.3700170162375072	0.1924562950040527	0.18833181941517574	2639.6178504173517	345.04198525620967	240.32376485919212	1411.5566672497241	1359.1975570512152	211.90962447064413	867.9074943067577	867.9074943067577	867.9074943067577	30.361752910376303	29.711078903003752	15.453570823280305	1906.0280554150588	1906.0280554150588	1906.0280554150588	0.09999555386883217	0.09355110207377268	0.08280341246828088	0.010775465830437954	0.009657067669715117	0.009091276554618591	110	2000	200	0.7	0.00005	1.7
13	3	3	0.47939067916914235	0.25789910489666296	0.0011567168153307828	0.5793906791691423	0.35789910489666293	0.10115671681533078	0.38939036575804614	0.2032686207349297	0.19961779608347852	2659.6455688049923	340.1559167776595	251.40512347959373	1406.0159879395233	1361.6405912904904	201.89576527682397	867.9074943067577	867.9074943067577	867.9074943067577	28.645162297323036	28.130678240306374	14.684708891329372	1906.0280554150588	1906.0280554150588	1906.0280554150588	0.09999565105018557	0.09295253325273564	0.08398530210549011	0.010639961542897307	0.009713214123105886	0.00909126852245958	120	2000	200	0.7	0.00005	1.7
14	3	3	0.4584751748119116	0.27932421410970065	0.0011427948127816778	0.5584751748119116	0.37932421410970063	0.10114279481278168	0.40739821449130836	0.2136193710730796	0.2105472749412835	2676.593950679047	334.80808143637495	262.9715888893179	1400.2327552346612	1364.3145089611326	193.42157433979668	867.9074943067577	867.9074943067577	867.9074943067577	27.15819602908568	26.767629440726182	14.035614204605624	1906.0280554150588	1906.0280554150588	1906.0280554150588	0.09999573059626037	0.09229961330711255	0.08515392456767715	0.010509288025096238	0.009775208015673638	0.009091261947888713	130	2000	200	0.7	0.00005	1.7
15	3	3	0.43441509471826756	0.30400824280971595	0.001131181505590151	0.5344150947182675	0.4040082428097159	0.10113118150559014	0.4241780954319591	0.22349506598953922	0.22117597491897711	2691.1179184026423	328.1592402811988	275.7903260327745	1393.823386662933	1367.6389295387207	186.15959047799896	867.9074943067577	867.9074943067577	867.9074943067577	25.853098051630017	25.584834013797934	13.480385309435182	1906.0280554150588	1906.0280554150588	1906.0280554150588	0.09999579678782601	0.09152141376422016	0.08639186176304757	0.010374319799509842	0.00985013863501216	0.009091256477090014	140	2000	200	0.7	0.00005	1.7
16	3	3	0.3991656886155596	0.33995258645306853	0.0011213706887950093	0.4991656886155596	0.4399525864530685	0.10112137068879501	0.43985014486518165	0.23276411194359836	0.2316751864251282	2703.699365101545	316.9258493935561	293.0980576767625	1385.169520840939	1373.255624982542	179.86886712854758	867.9074943067577	867.9074943067577	867.9074943067577	24.681470011865613	24.56600426285105	13.000073395446591	1906.0280554150588	1906.0280554150588	1906.0280554150588	0.09999585262993411	0.0903125637453698	0.08801356887038628	0.01020266899292695	0.009968841017146846	0.00909125186168939	150	2000	200	0.7	0.00005	1.7
17	3	1	0.0011129933524984125	0.0011129933524984125	0.0011129933524984125	0.10111299335249842	0.10111299335249842	0.10111299335249842	0.4545196301129178	0.4545196301129178	0.4545196301129178	2714.700666251155	2714.700666251155	2714.700666251155	174.36821655374277	174.36821655374277	174.36821655374277	867.9074943067577	867.9074943067577	867.9074943067577	12.580499911136103	12.580499911136103	12.580499911136103	1906.0280554150588	1906.0280554150588	1906.0280554150588	0.09999590029303465	0.09999590029303465	0.09999590029303465	0.009091247922294828	0.009091247922294828	0.009091247922294828	160	2000	200	0.7	0.00005	1.7
18	3	1	0.0011057742316666161	0.0011057742316666161	0.0011057742316666161	0.10110577423166661	0.10110577423166661	0.10110577423166661	0.46827909613703145	0.46827909613703145	0.46827909613703145	2724.399516110899	2724.399516110899	2724.399516110899	169.5187916238706	169.5187916238706	169.5187916238706	867.9074943067577	867.9074943067577	867.9074943067577	12.21084650887749	12.21084650887749	12.21084650887749	1906.0280554150588	1906.0280554150588	1906.0280554150588	0.09999594138324433	0.09999594138324433	0.09999594138324433	0.009091244526157853	0.009091244526157853	0.009091244526157853	170	2000	200	0.7	0.00005	1.7
19	3	1	0.0010995038648900634	0.0010995038648900634	0.0010995038648900634	0.10109950386489007	0.10109950386489007	0.10109950386489007	0.4812101777421849	0.4812101777421849	0.4812101777421849	2733.012265669838	2733.012265669838	2733.012265669838	165.21241684440093	165.21241684440093	165.21241684440093	867.9074943067577	867.9074943067577	867.9074943067577	11.882716598127981	11.882716598127981	11.882716598127981	1906.0280554150588	1906.0280554150588	1906.0280554150588	0.0999959771141648	0.0999959771141648	0.0999959771141648	0.00909124157297226	0.00909124157297226	0.00909124157297226	180	2000	200	0.7	0.00005	1.7
20	3	1	0.0010940200729719432	0.0010940200729719432	0.0010940200729719432	0.10109402007297194	0.10109402007297194	0.10109402007297194	0.493385126689949	0.493385126689949	0.493385126689949	2740.7099542377473	2740.7099542377473	2740.7099542377473	161.3635725604464	161.3635725604464	161.3635725604464	867.9074943067577	867.9074943067577	867.9074943067577	11.589494406949383	11.589494406949383	11.589494406949383	1906.0280554150588	1906.0280554150588	1906.0280554150588	0.09999600841963381	0.09999600841963381	0.09999600841963381	0.009091238985554903	0.009091238985554903	0.009091238985554903	190	2000	200	0.7	0.00005	1.7
21	3	1	0.0010891953530088668	0.0010891953530088668	0.0010891953530088668	0.10108919535300886	0.10108919535300886	0.10108919535300886	0.5048680991766146	0.5048680991766146	0.5048680991766146	2747.6295682796103	2747.6295682796103	2747.6295682796103	157.903765539515	157.903765539515	157.903765539515	867.9074943067577	867.9074943067577	867.9074943067577	11.325897151297053	11.325897151297053	11.325897151297053	1906.0280554150588	1906.0280554150588	1906.0280554150588	0.09999603602978291	0.09999603602978291	0.09999603602978291	0.00909123670355936	0.00909123670355936	0.00909123670355936	200	2000	200	0.7	0.00005	1.7
22	3	1	0.00108492809714004	0.00108492809714004	0.00108492809714004	0.10108492809714004	0.10108492809714004	0.10108492809714004	0.5157162432199656	0.5157162432199656	0.5157162432199656	2753.8821053117194	2753.8821053117194	2753.8821053117194	154.7774970234604	154.7774970234604	154.7774970234604	867.9074943067577	867.9074943067577	867.9074943067577	11.087655743676613	11.087655743676613	11.087655743676613	1906.0280554150588	1906.0280554150588	1906.0280554150588	0.09999606052359847	0.09999606052359847	0.09999606052359847	0.009091234679131631	0.009091234679131631	0.009091234679131631	210	2000	200	0.7	0.00005	1.7
23	3	1	0.0010811363484651384	0.0010811363484651384	0.0010811363484651384	0.10108113634846513	0.10108113634846513	0.10108113634846513	0.5259806193973595	0.5259806193973595	0.5259806193973595	2759.558451932757	2759.558451932757	2759.558451932757	151.93932371294161	151.93932371294161	151.93932371294161	867.9074943067577	867.9074943067577	867.9074943067577	10.87128300049658	10.87128300049658	10.87128300049658	1906.0280554150588	1906.0280554150588	1906.0280554150588	0.09999608236602947	0.09999608236602947	0.09999608236602947	0.009091232873843098	0.009091232873843098	0.009091232873843098	220	2000	200	0.7	0.00005	1.7
24	3	1	0.0010777532788690716	0.0010777532788690716	0.0010777532788690716	0.10107775327886907	0.10107775327886907	0.10107775327886907	0.5357069828058577	0.5357069828058577	0.5357069828058577	2764.733736838455	2764.733736838455	2764.733736838455	149.3516812600926	149.3516812600926	149.3516812600926	867.9074943067577	867.9074943067577	867.9074943067577	10.673902617986654	10.673902617986654	10.673902617986654	1906.0280554150588	1906.0280554150588	1906.0280554150588	0.09999610193468912	0.09999610193468912	0.09999610193468912	0.009091231256483584	0.009091231256483584	0.009091231256483584	230	2000	200	0.7	0.00005	1.7
25	3	1	0.0010747238595340306	0.0010747238595340306	0.0010747238595340306	0.10107472385953403	0.10107472385953403	0.10107472385953403	0.544936449302181	0.544936449302181	0.544936449302181	2769.4706009498227	2769.4706009498227	2769.4706009498227	146.9832492044087	146.9832492044087	146.9832492044087	867.9074943067577	867.9074943067577	867.9074943067577	10.493121121861964	10.493121121861964	10.493121121861964	1906.0280554150588	1906.0280554150588	1906.0280554150588	0.09999611953939888	0.09999611953939888	0.09999611953939888	0.009091229801446003	0.009091229801446003	0.009091229801446003	240	2000	200	0.7	0.00005	1.7
26	3	1	0.0010720023728678172	0.0010720023728678172	0.0010720023728678172	0.10107200237286781	0.10107200237286781	0.10107200237286781	0.5537060650380443	0.5537060650380443	0.5537060650380443	2773.8216862149643	2773.8216862149643	2773.8216862149643	144.80770657183788	144.80770657183788	144.80770657183788	867.9074943067577	867.9074943067577	867.9074943067577	10.3269307079963	10.3269307079963	10.3269307079963	1906.0280554150588	1906.0280554150588	1906.0280554150588	0.09999613543671541	0.09999613543671541	0.09999613543671541	0.009091228487525681	0.009091228487525681	0.009091228487525681	250	2000	200	0.7	0.00005	1.7
27	3	1	0.0010695505279659533	0.0010695505279659533	0.0010695505279659533	0.10106955052796596	0.10106955052796596	0.10106955052796596	0.5620492949621156	0.5620492949621156	0.5620492949621156	2777.8315524012273	2777.8315524012273	2777.8315524012273	142.80277347870646	142.80277347870646	142.80277347870646	867.9074943067577	867.9074943067577	867.9074943067577	10.173634621551475	10.173634621551475	10.173634621551475	1906.0280554150588	1906.0280554150588	1906.0280554150588	0.09999614984087989	0.09999614984087989	0.09999614984087989	0.009091227297015371	0.009091227297015371	0.009091227297015371	260	2000	200	0.7	0.00005	1.7
28	3	1	0.0010673360155568014	0.0010673360155568014	0.0010673360155568014	0.1010673360155568	0.1010673360155568	0.1010673360155568	0.5699964432146929	0.5699964432146929	0.5699964432146929	2781.5381695070732	2781.5381695070732	2781.5381695070732	140.94946492578347	140.94946492578347	140.94946492578347	867.9074943067577	867.9074943067577	867.9074943067577	10.03178920555373	10.03178920555373	10.03178920555373	1906.0280554150588	1906.0280554150588	1906.0280554150588	0.099996162932176	0.099996162932176	0.099996162932176	0.00909122621501446	0.00909122621501446	0.00909122621501446	270	2000	200	0.7	0.00005	1.7
29	3	1	0.0010653313874073467	0.0010653313874073467	0.0010653313874073467	0.10106533138740735	0.10106533138740735	0.10106533138740735	0.5775750160962699	0.5775750160962699	0.5775750160962699	2784.974091450389	2784.974091450389	2784.974091450389	139.2315039541255	139.2315039541255	139.2315039541255	867.9074943067577	867.9074943067577	867.9074943067577	9.900158432912702	9.900158432912702	9.900158432912702	1906.0280554150588	1906.0280554150588	1906.0280554150588	0.09999617486338458	0.09999617486338458	0.09999617486338458	0.009091225228895475	0.009091225228895475	0.009091225228895475	280	2000	200	0.7	0.00005	1.7
30	3	1	0.001063513178313299	0.001063513178313299	0.001063513178313299	0.1010635131783133	0.1010635131783133	0.1010635131783133	0.5848100364574789	0.5848100364574789	0.5848100364574789	2788.1673876747923	2788.1673876747923	2788.1673876747923	137.634855841924	137.634855841924	137.634855841924	867.9074943067577	867.9074943067577	867.9074943067577	9.777677895001267	9.777677895001267	9.777677895001267	1906.0280554150588	1906.0280554150588	1906.0280554150588	0.0999961857648213	0.0999961857648213	0.0999961857648213	0.009091224327887717	0.009091224327887717	0.009091224327887717	290	2000	200	0.7	0.00005	1.7
31	3	1	0.0010618612115762531	0.0010618612115762531	0.0010618612115762531	0.10106186121157626	0.10106186121157626	0.10106186121157626	0.5917243168595212	0.5917243168595212	0.5917243168595212	2791.1423889626826	2791.1423889626826	2791.1423889626826	136.14735519797873	136.14735519797873	136.14735519797873	867.9074943067577	867.9074943067577	867.9074943067577	9.663426030204338	9.663426030204338	9.663426030204338	1906.0280554150588	1906.0280554150588	1906.0280554150588	0.09999619574830759	0.09999619574830759	0.09999619574830759	0.00909122350274906	0.00909122350274906	0.00909122350274906	300	2000	200	0.7	0.00005	1.7
32	3	1	0.0010603580447629565	0.0010603580447629565	0.0010603580447629565	0.10106035804476296	0.10106035804476296	0.10106035804476296	0.5983386976280318	0.5983386976280318	0.5983386976280318	2793.9202892734183	2793.9202892734183	2793.9202892734183	134.75840504261103	134.75840504261103	134.75840504261103	867.9074943067577	867.9074943067577	867.9074943067577	9.556600950119272	9.556600950119272	9.556600950119272	1906.0280554150588	1906.0280554150588	1906.0280554150588	0.09999620491032872	0.09999620491032872	0.09999620491032872	0.009091222745504918	0.009091222745504918	0.009091222745504918	310	2000	200	0.7	0.00005	1.7
33	3	1	0.001058988523784555	0.001058988523784555	0.001058988523784555	0.10105898852378456	0.10105898852378456	0.10105898852378456	0.60467225491779	0.60467225491779	0.60467225491779	2796.5196350075075	2796.5196350075075	2796.5196350075075	133.4587321755663	133.4587321755663	133.4587321755663	867.9074943067577	867.9074943067577	867.9074943067577	9.456501633306454	9.456501633306454	9.456501633306454	1906.0280554150588	1906.0280554150588	1906.0280554150588	0.09999621333456711	0.09999621333456711	0.09999621333456711	0.00909122204923888	0.00909122204923888	0.00909122204923888	320	2000	200	0.7	0.00005	1.7
34	3	1	0.00105773942139024	0.00105773942139024	0.00105773942139024	0.10105773942139024	0.10105773942139024	0.10105773942139024	0.6107424830789906	0.6107424830789906	0.6107424830789906	2798.9567255104594	2798.9567255104594	2798.9567255104594	132.24018692409038	132.24018692409038	132.24018692409038	867.9074943067577	867.9074943067577	867.9074943067577	9.362512555894407	9.362512555894407	9.362512555894407	1906.0280554150588	1906.0280554150588	1906.0280554150588	0.09999622109394989	0.09999622109394989	0.09999622109394989	0.00909122140792347	0.00909122140792347	0.00909122140792347	330	2000	200	0.7	0.00005	1.7
35	3	1	0.0010565991420123447	0.0010565991420123447	0.0010565991420123447	0.10105659914201234	0.10105659914201234	0.10105659914201234	0.6165654549341937	0.6165654549341937	0.6165654549341937	2801.245943043841	2801.245943043841	2801.245943043841	131.0955781573995	131.0955781573995	131.0955781573995	867.9074943067577	867.9074943067577	867.9074943067577	9.274091048217208	9.274091048217208	9.274091048217208	1906.0280554150588	1906.0280554150588	1906.0280554150588	0.09999622825231616	0.09999622825231616	0.09999622825231616	0.00909122081628234	0.00909122081628234	0.00909122081628234	340	2000	200	0.7	0.00005	1.7
36	3	1	0.0010555574791843358	0.0010555574791843358	0.0010555574791843358	0.10105555747918434	0.10105555747918434	0.10105555747918434	0.6221559630114234	0.6221559630114234	0.6221559630114234	2803.400026296676	2803.400026296676	2803.400026296676	130.018536530982	130.018536530982	130.018536530982	867.9074943067577	867.9074943067577	867.9074943067577	9.190756829795404	9.190756829795404	9.190756829795404	1906.0280554150588	1906.0280554150588	1906.0280554150588	0.09999623486578398	0.09999623486578398	0.09999623486578398	0.0090912202696773	0.0090912202696773	0.0090912202696773	350	2000	200	0.7	0.00005	1.7
37	3	1	0.0010546054149276295	0.0010546054149276295	0.0010546054149276295	0.10105460541492763	0.10105460541492763	0.10105460541492763	0.6275276443113565	0.6275276443113565	0.6275276443113565	2805.430298391237	2805.430298391237	2805.430298391237	129.0034004837016	129.0034004837016	129.0034004837016	867.9074943067577	867.9074943067577	867.9074943067577	9.112083297175143	9.112083297175143	9.112083297175143	1906.0280554150588	1906.0280554150588	1906.0280554150588	0.0999962409838778	0.0999962409838778	0.0999962409838778	0.009091219764015123	0.009091219764015123	0.009091219764015123	360	2000	200	0.7	0.00005	1.7
38	3	1	0.0010537349528781626	0.0010537349528781626	0.0010537349528781626	0.10105373495287816	0.10105373495287816	0.10105373495287816	0.6326930907975044	0.6326930907975044	0.6326930907975044	2807.346857974721	2807.346857974721	2807.346857974721	128.04512069195974	128.04512069195974	128.04512069195974	867.9074943067577	867.9074943067577	867.9074943067577	9.03769023151111	9.03769023151111	9.03769023151111	1906.0280554150588	1906.0280554150588	1906.0280554150588	0.09999624665046457	0.09999624665046457	0.09999624665046457	0.009091219295670182	0.009091219295670182	0.009091219295670182	370	2000	200	0.7	0.00005	1.7
39	3	1	0.0010529389787167324	0.0010529389787167324	0.0010529389787167324	0.10105293897871673	0.10105293897871673	0.10105293897871673	0.6376639474735747	0.6376639474735747	0.6376639474735747	2809.158740183747	2809.158740183747	2809.158740183747	127.1391795874467	127.1391795874467	127.1391795874467	867.9074943067577	867.9074943067577	867.9074943067577	8.96723766319271	8.96723766319271	8.96723766319271	1906.0280554150588	1906.0280554150588	1906.0280554150588	0.09999625190453465	0.09999625190453465	0.09999625190453465	0.009091218861419902	0.009091218861419902	0.009091218861419902	380	2000	200	0.7	0.00005	1.7
40	3	1	0.0010522111428324466	0.0010522111428324466	0.0010522111428324466	0.10105221114283244	0.10105221114283244	0.10105221114283244	0.642450999640326	0.642450999640326	0.642450999640326	2810.874052879444	2810.874052879444	2810.874052879444	126.28152323959806	126.28152323959806	126.28152323959806	867.9074943067577	867.9074943067577	867.9074943067577	8.900420684918268	8.900420684918268	8.900420684918268	1906.0280554150588	1906.0280554150588	1906.0280554150588	0.09999625678085726	0.09999625678085726	0.09999625678085726	0.009091218458390586	0.009091218458390586	0.009091218458390586	390	2000	200	0.7	0.00005	1.7
41	3	1	0.0010515457611966397	0.0010515457611966397	0.0010515457611966397	0.10105154576119664	0.10105154576119664	0.10105154576119664	0.6470642506958866	0.6470642506958866	0.6470642506958866	2812.5000924735364	2812.5000924735364	2812.5000924735364	125.46850344255184	125.46850344255184	125.46850344255184	867.9074943067577	867.9074943067577	867.9074943067577	8.836965046509139	8.836965046509139	8.836965046509139	1906.0280554150588	1906.0280554150588	1906.0280554150588	0.09999626131053302	0.09999626131053302	0.09999626131053302	0.009091218084011754	0.009091218084011754	0.009091218084011754	400	2000	200	0.7	0.00005	1.7
42	3	1	0.0010509377312351402	0.0010509377312351402	0.0010509377312351402	0.10105093773123514	0.10105093773123514	0.10105093773123514	0.6515129916511809	0.6515129916511809	0.6515129916511809	2814.0434428244394	2814.0434428244394	2814.0434428244394	124.69682826710043	124.69682826710043	124.69682826710043	867.9074943067577	867.9074943067577	867.9074943067577	8.776623397414355	8.776623397414355	8.776623397414355	1906.0280554150588	1906.0280554150588	1906.0280554150588	0.09999626552146214	0.09999626552146214	0.09999626552146214	0.009091217735977439	0.009091217735977439	0.009091217735977439	410	2000	200	0.7	0.00005	1.7
43	3	1	0.0010503824601181579	0.0010503824601181579	0.0010503824601181579	0.10105038246011816	0.10105038246011816	0.10105038246011816	0.6558058633695995	0.6558058633695995	0.6558058633695995	2815.510060020895	2815.510060020895	2815.510060020895	123.96351966887276	123.96351966887276	123.96351966887276	867.9074943067577	867.9074943067577	867.9074943067577	8.719172068491519	8.719172068491519	8.719172068491519	1906.0280554150588	1906.0280554150588	1906.0280554150588	0.09999626943874268	0.09999626943874268	0.09999626943874268	0.009091217412213274	0.009091217412213274	0.009091217412213274	420	2000	200	0.7	0.00005	1.7
44	3	1	0.001049875803382195	0.001049875803382195	0.001049875803382195	0.10104987580338219	0.10104987580338219	0.10104987580338219	0.6599509124023774	0.6599509124023774	0.6599509124023774	2816.905345347371	2816.905345347371	2816.905345347371	123.26587700563455	123.26587700563455	123.26587700563455	867.9074943067577	867.9074943067577	867.9074943067577	8.664408304899524	8.664408304899524	8.664408304899524	1906.0280554150588	1906.0280554150588	1906.0280554150588	0.09999627308501106	0.09999627308501106	0.09999627308501106	0.009091217110848348	0.009091217110848348	0.009091217110848348	430	2000	200	0.7	0.00005	1.7
45	3	1	0.0010494140121891976	0.0010494140121891976	0.0010494140121891976	0.1010494140121892	0.1010494140121892	0.1010494140121892	0.6639556411741601	0.6639556411741601	0.6639556411741601	2818.2342083089798	2818.2342083089798	2818.2342083089798	122.60144552483011	122.60144552483011	122.60144552483011	867.9074943067577	867.9074943067577	867.9074943067577	8.612147878031637	8.612147878031637	8.612147878031637	1906.0280554150588	1906.0280554150588	1906.0280554150588	0.09999627648073409	0.09999627648073409	0.09999627648073409	0.009091216830191073	0.009091216830191073	0.009091216830191073	440	2000	200	0.7	0.00005	1.7
46	3	1	0.0010489936878384858	0.0010489936878384858	0.0010489936878384858	0.10104899368783848	0.10104899368783848	0.10104899368783848	0.6678270531735735	0.6678270531735735	0.6678270531735735	2819.501121260339	2819.501121260339	2819.501121260339	121.9679890491507	121.9679890491507	121.9679890491507	867.9074943067577	867.9074943067577	867.9074943067577	8.562223017280196	8.562223017280196	8.562223017280196	1906.0280554150588	1906.0280554150588	1906.0280554150588	0.09999627964446041	0.09999627964446041	0.09999627964446041	0.009091216568708394	0.009091216568708394	0.009091216568708394	450	2000	200	0.7	0.00005	1.7
47	3	1	0.001048611742394852	0.001048611742394852	0.001048611742394852	0.10104861174239485	0.10104861174239485	0.10104861174239485	0.6715716937184758	0.6715716937184758	0.6715716937184758	2820.710166914595	2820.710166914595	2820.710166914595	121.36346622202261	121.36346622202261	121.36346622202261	867.9074943067577	867.9074943067577	867.9074943067577	8.514480612761218	8.514480612761218	8.514480612761218	1906.0280554150588	1906.0280554150588	1906.0280554150588	0.09999628259303801	0.09999628259303801	0.09999628259303801	0.009091216325007815	0.009091216325007815	0.009091216325007815	460	2000	200	0.7	0.00005	1.7
48	3	1	0.001048265364495253	0.001048265364495253	0.001048265364495253	0.10104826536449525	0.10104826536449525	0.10104826536449525	0.6751956867926452	0.6751956867926452	0.6751956867926452	2821.8650797918835	2821.8650797918835	2821.8650797918835	120.78600978337828	120.78600978337828	120.78600978337828	867.9074943067577	867.9074943067577	867.9074943067577	8.46878064847772	8.46878064847772	8.46878064847772	1906.0280554150588	1906.0280554150588	1906.0280554150588	0.09999628534180276	0.09999628534180276	0.09999628534180276	0.009091216097821826	0.009091216097821826	0.009091216097821826	470	2000	200	0.7	0.00005	1.7
49	3	1	0.0010479519895571995	0.0010479519895571995	0.0010479519895571995	0.1010479519895572	0.1010479519895572	0.1010479519895572	0.6787047683880572	0.6787047683880572	0.6787047683880572	2822.9692824901704	2822.9692824901704	2822.9692824901704	120.23390843423503	120.23390843423503	120.23390843423503	867.9074943067577	867.9074943067577	867.9074943067577	8.42499483217981	8.42499483217981	8.42499483217981	1906.0280554150588	1906.0280554150588	1906.0280554150588	0.09999628790474245	0.09999628790474245	0.09999628790474245	0.009091215885994328	0.009091215885994328	0.009091215885994328	480	2000	200	0.7	0.00005	1.7
50	3	1	0.0010476692737423038	0.0010476692737423038	0.0010476692737423038	0.1010476692737423	0.1010476692737423	0.1010476692737423	0.6821043167330038	0.6821043167330038	0.6821043167330038	2824.025917517444	2824.025917517444	2824.025917517444	119.705590920598	119.705590920598	119.705590920598	867.9074943067577	867.9074943067577	867.9074943067577	8.383005393709313	8.383005393709313	8.383005393709313	1906.0280554150588	1906.0280554150588	1906.0280554150588	0.09999629029464002	0.09999629029464002	0.09999629029464002	0.009091215688468804	0.009091215688468804	0.009091215688468804	490	2000	200	0.7	0.00005	1.7
51	3	1	0.0010474150711347002	0.0010474150711347002	0.0010474150711347002	0.1010474150711347	0.1010474150711347	0.1010474150711347	0.6853993797398195	0.6853993797398195	0.6853993797398195	2825.0378753061304	2825.0378753061304	2825.0378753061304	119.19961202625488	119.19961202625488	119.19961202625488	867.9074943067577	867.9074943067577	867.9074943067577	8.34270402814748	8.34270402814748	8.34270402814748	1906.0280554150588	1906.0280554150588	1906.0280554150588	0.09999629252319903	0.09999629252319903	0.09999629252319903	0.009091215504277954	0.009091215504277954	0.009091215504277954	500	2000	200	0.7	0.00005	1.7
52	3	1	0.0010471874136810768	0.0010471874136810768	0.0010471874136810768	0.10104718741368107	0.10104718741368107	0.10104718741368107	0.6885946999657669	0.6885946999657669	0.6885946999657669	2826.0078189332926	2826.0078189332926	2826.0078189332926	118.71464021267387	118.71464021267387	118.71464021267387	867.9074943067577	867.9074943067577	867.9074943067577	8.30399096381289	8.30399096381289	8.30399096381289	1906.0280554150588	1906.0280554150588	1906.0280554150588	0.09999629460115365	0.09999629460115365	0.09999629460115365	0.009091215332534593	0.009091215332534593	0.009091215332534593	510	2000	200	0.7	0.00005	1.7
53	3	1	0.0010469844935106117	0.0010469844935106117	0.0010469844935106117	0.10104698449351061	0.10104698449351061	0.10104698449351061	0.6916947373457892	0.6916947373457892	0.6916947373457892	2826.9382059897403	2826.9382059897403	2826.9382059897403	118.24944668444999	118.24944668444999	118.24944668444999	867.9074943067577	867.9074943067577	867.9074943067577	8.266774138237537	8.266774138237537	8.266774138237537	1906.0280554150588	1906.0280554150588	1906.0280554150588	0.09999629653836573	0.09999629653836573	0.09999629653836573	0.00909121517242364	0.00909121517242364	0.00909121517242364	520	2000	200	0.7	0.00005	1.7
54	3	1	0.001046804647312213	0.001046804647312213	0.001046804647312213	0.10104680464731221	0.10104680464731221	0.10104680464731221	0.6947036899255606	0.6947036899255606	0.6947036899255606	2827.831307974327	2827.831307974327	2827.831307974327	117.80289569215664	117.80289569215664	117.80289569215664	867.9074943067577	867.9074943067577	867.9074943067577	8.230968467805152	8.230968467805152	8.230968467805152	1906.0280554150588	1906.0280554150588	1906.0280554150588	0.09999629834391023	0.09999629834391023	0.09999629834391023	0.009091215023195038	0.009091215023195038	0.009091215023195038	530	2000	200	0.7	0.00005	1.7
55	3	1	0.0010466463424954652	0.0010466463424954652	0.0010466463424954652	0.10104664634249547	0.10104664634249547	0.10104664634249547	0.6976255127969236	0.6976255127969236	0.6976255127969236	2828.6892275340283	2828.6892275340283	2828.6892275340283	117.37393591230591	117.37393591230591	117.37393591230591	867.9074943067577	867.9074943067577	867.9074943067577	8.196495198864223	8.196495198864223	8.196495198864223	1906.0280554150588	1906.0280554150588	1906.0280554150588	0.09999630002615112	0.09999630002615112	0.09999630002615112	0.00909121488415751	0.00909121488415751	0.00909121488415751	540	2000	200	0.7	0.00005	1.7
56	3	1	0.0010465081649024723	0.0010465081649024723	0.0010465081649024723	0.10104650816490247	0.10104650816490247	0.10104650816490247	0.7004639354148133	0.7004639354148133	0.7004639354148133	2829.513913823804	2829.513913823804	2829.513913823804	116.96159276741804	116.96159276741804	116.96159276741804	867.9074943067577	867.9074943067577	867.9074943067577	8.163281329907354	8.163281329907354	8.163281329907354	1906.0280554150588	1906.0280554150588	1906.0280554150588	0.0999963015928084	0.0999963015928084	0.0999963015928084	0.009091214754672994	0.009091214754672994	0.009091214754672994	550	2000	200	0.7	0.00005	1.7
57	3	1	0.0010463888078718626	0.0010463888078718626	0.0010463888078718626	0.10104638880787187	0.10104638880787187	0.10104638880787187	0.7032224774546816	0.7032224774546816	0.7032224774546816	2830.307176221129	2830.307176221129	2830.307176221129	116.56496156875559	116.56496156875559	116.56496156875559	867.9074943067577	867.9074943067577	867.9074943067577	8.13125909590066	8.13125909590066	8.13125909590066	1906.0280554150588	1906.0280554150588	1906.0280554150588	0.09999630305101793	0.09999630305101793	0.09999630305101793	0.009091214634151705	0.009091214634151705	0.009091214634151705	560	2000	200	0.7	0.00005	1.7
58	3	1	0.0010462870624847848	0.0010462870624847848	0.0010462870624847848	0.10104628706248478	0.10104628706248478	0.10104628706248478	0.7059044633518481	0.7059044633518481	0.7059044633518481	2831.0706965971435	2831.0706965971435	2831.0706965971435	116.18320138074843	116.18320138074843	116.18320138074843	867.9074943067577	867.9074943067577	867.9074943067577	8.100365507102735	8.100365507102735	8.100365507102735	1906.0280554150588	1906.0280554150588	1906.0280554150588	0.0999963044073847	0.0999963044073847	0.0999963044073847	0.009091214522047746	0.009091214522047746	0.009091214522047746	570	2000	200	0.7	0.00005	1.7
59	3	1	0.0010462018088467566	0.0010462018088467566	0.0010462018088467566	0.10104620180884676	0.10104620180884676	0.10104620180884676	0.7085130356487623	0.7085130356487623	0.7085130356487623	2831.806040318533	2831.806040318533	2831.806040318533	115.8155295200536	115.8155295200536	115.8155295200536	867.9074943067577	867.9074943067577	867.9074943067577	8.070541935773015	8.070541935773015	8.070541935773015	1906.0280554150588	1906.0280554150588	1906.0280554150588	0.0999963056680303	0.0999963056680303	0.0999963056680303	0.009091214417855159	0.009091214417855159	0.009091214417855159	580	2000	200	0.7	0.00005	1.7
60	3	1	0.0010461320082795044	0.0010461320082795044	0.0010461320082795044	0.1010461320082795	0.1010461320082795	0.1010461320082795	0.7110511672626029	0.7110511672626029	0.7110511672626029	2832.5146661306608	2832.5146661306608	2832.5146661306608	115.46121661398965	115.46121661398965	115.46121661398965	867.9074943067577	867.9074943067577	867.9074943067577	8.041733745067313	8.041733745067313	8.041733745067313	1906.0280554150588	1906.0280554150588	1906.0280554150588	0.09999630683863552	0.09999630683863552	0.09999630683863552	0.00909121432110443	0.00909121432110443	0.00909121432110443	590	2000	200	0.7	0.00005	1.7
61	3	1	0.0010460766963141005	0.0010460766963141005	0.0010460766963141005	0.1010460766963141	0.1010460766963141	0.1010460766963141	0.7135216727736878	0.7135216727736878	0.7135216727736878	2833.197935052414	2833.197935052414	2833.197935052414	115.11958215311326	115.11958215311326	115.11958215311326	867.9074943067577	867.9074943067577	867.9074943067577	8.013889955181247	8.013889955181247	8.013889955181247	1906.0280554150588	1906.0280554150588	1906.0280554150588	0.09999630792447846	0.09999630792447846	0.09999630792447846	0.009091214231359317	0.009091214231359317	0.009091214231359317	600	2000	200	0.7	0.00005	1.7
62	3	1	0.001046034976391286	0.001046034976391286	0.001046034976391286	0.10104603497639128	0.10104603497639128	0.10104603497639128	0.7159272188246301	0.7159272188246301	0.7159272188246301	2833.8571183961267	2833.8571183961267	2833.8571183961267	114.78999048125677	114.78999048125677	114.78999048125677	867.9074943067577	867.9074943067577	867.9074943067577	7.986962942452185	7.986962942452185	7.986962942452185	1906.0280554150588	1906.0280554150588	1906.0280554150588	0.09999630893046894	0.09999630893046894	0.09999630893046894	0.009091214148214026	0.009091214148214026	0.009091214148214026	610	2000	200	0.7	0.00005	1.7
63	3	1	0.0010460060141872778	0.0010460060141872778	0.0010460060141872778	0.10104600601418728	0.10104600601418728	0.10104600601418728	0.7182703337108713	0.7182703337108713	0.7182703337108713	2834.493405011335	2834.493405011335	2834.493405011335	114.47184717365242	114.47184717365242	114.47184717365242	867.9074943067577	867.9074943067577	867.9074943067577	7.960908167685655	7.960908167685655	7.960908167685655	1906.0280554150588	1906.0280554150588	1906.0280554150588	0.09999630986117922	0.09999630986117922	0.09999630986117922	0.009091214071290661	0.009091214071290661	0.009091214071290661	620	2000	200	0.7	0.00005	1.7
64	3	1	0.0010459890324939684	0.0010459890324939684	0.0010459890324939684	0.10104598903249397	0.10104598903249397	0.10104598903249397	0.7205534162349673	0.7205534162349673	0.7205534162349673	2835.107907838564	2835.107907838564	2835.107907838564	114.16459576003811	114.16459576003811	114.16459576003811	867.9074943067577	867.9074943067577	867.9074943067577	7.935683930447914	7.935683930447914	7.935683930447914	1906.0280554150588	1906.0280554150588	1906.0280554150588	0.0999963107208719	0.0999963107208719	0.0999963107208719	0.009091214000236913	0.009091214000236913	0.009091214000236913	630	2000	200	0.7	0.00005	1.7
65	3	1	0.0010459833065915	0.0010459833065915	0.0010459833065915	0.1010459833065915	0.1010459833065915	0.1010459833065915	0.722778743889706	0.722778743889706	0.722778743889706	2835.701669848594	2835.701669848594	2835.701669848594	113.86771475502306	113.86771475502306	113.86771475502306	867.9074943067577	867.9074943067577	867.9074943067577	7.911251146474972	7.911251146474972	7.911251146474972	1906.0280554150588	1906.0280554150588	1906.0280554150588	0.09999631151352502	0.09999631151352502	0.09999631151352502	0.009091213934723997	0.009091213934723997	0.009091213934723997	640	2000	200	0.7	0.00005	1.7
66	3	1	0.001045988160058999	0.001045988160058999	0.001045988160058999	0.101045988160059	0.101045988160059	0.101045988160059	0.7249484804286478	0.7249484804286478	0.7249484804286478	2836.2756694333757	2836.2756694333757	2836.2756694333757	113.58071496263233	113.58071496263233	113.58071496263233	867.9074943067577	867.9074943067577	867.9074943067577	7.887573145700211	7.887573145700211	7.887573145700211	1906.0280554150588	1906.0280554150588	1906.0280554150588	0.09999631224285488	0.09999631224285488	0.09999631224285488	0.00909121387444476	0.00909121387444476	0.00909121387444476	650	2000	200	0.7	0.00005	1.7
67	3	1	0.0010460029609759606	0.0010460029609759606	0.0010460029609759606	0.10104600296097596	0.10104600296097596	0.10104600296097596	0.7270646828769002	0.7270646828769002	0.7270646828769002	2836.8308253067244	2836.8308253067244	2836.8308253067244	113.30313702595801	113.30313702595801	113.30313702595801	867.9074943067577	867.9074943067577	867.9074943067577	7.864615488706539	7.864615488706539	7.864615488706539	1906.0280554150588	1906.0280554150588	1906.0280554150588	0.09999631291233656	0.09999631291233656	0.09999631291233656	0.009091213819111984	0.009091213819111984	0.009091213819111984	660	2000	200	0.7	0.00005	1.7
68	3	1	0.0010460271184725707	0.0010460271184725707	0.0010460271184725707	0.10104602711847258	0.10104602711847258	0.10104602711847258	0.7291293080298126	0.7291293080298126	0.7291293080298126	2837.368000966013	2837.368000966013	2837.368000966013	113.03454919631362	113.03454919631362	113.03454919631362	867.9074943067577	867.9074943067577	867.9074943067577	7.842345799671759	7.842345799671759	7.842345799671759	1906.0280554150588	1906.0280554150588	1906.0280554150588	0.09999631352522273	0.09999631352522273	0.09999631352522273	0.00909121376845684	0.00909121376845684	0.00909121376845684	670	2000	200	0.7	0.00005	1.7
69	3	1	0.0010460600795922587	0.0010460600795922587	0.0010460600795922587	0.10104606007959226	0.10104606007959226	0.10104606007959226	0.7311442184826811	0.7311442184826811	0.7311442184826811	2837.88800876004	2837.88800876004	2837.88800876004	112.77454529930007	112.77454529930007	112.77454529930007	867.9074943067577	867.9074943067577	867.9074943067577	7.820733614103827	7.820733614103827	7.820733614103827	1906.0280554150588	1906.0280554150588	1906.0280554150588	0.09999631408456053	0.09999631408456053	0.09999631408456053	0.009091213722227477	0.009091213722227477	0.009091213722227477	680	2000	200	0.7	0.00005	1.7
70	3	1	0.0010461013264341152	0.0010461013264341152	0.0010461013264341152	0.10104610132643412	0.10104610132643412	0.10104610132643412	0.7331111882304728	0.7331111882304728	0.7331111882304728	2838.3916136030225	2838.3916136030225	2838.3916136030225	112.52274287780894	112.52274287780894	112.52274287780894	867.9074943067577	867.9074943067577	867.9074943067577	7.7997502398606775	7.7997502398606775	7.7997502398606775	1906.0280554150588	1906.0280554150588	1906.0280554150588	0.09999631459320721	0.09999631459320721	0.09999631459320721	0.009091213680187745	0.009091213680187745	0.009091213680187745	690	2000	200	0.7	0.00005	1.7
71	3	1	0.0010461503735465895	0.0010461503735465895	0.0010461503735465895	0.10104615037354658	0.10104615037354658	0.10104615037354658	0.7350319078729016	0.7350319078729016	0.7350319078729016	2838.8795363700965	2838.8795363700965	2838.8795363700965	112.27878149427194	112.27878149427194	112.27878149427194	867.9074943067577	867.9074943067577	867.9074943067577	7.779368630122002	7.779368630122002	7.779368630122002	1906.0280554150588	1906.0280554150588	1906.0280554150588	0.0999963150538441	0.0999963150538441	0.0999963150538441	0.00909121364211603	0.00909121364211603	0.00909121364211603	700	2000	200	0.7	0.00005	1.7
72	3	1	0.0010462067655471585	0.0010462067655471585	0.0010462067655471585	0.10104620676554715	0.10104620676554715	0.10104620676554715	0.736907989456923	0.736907989456923	0.736907989456923	2839.352457005726	2839.352457005726	2839.352457005726	112.04232117645708	112.04232117645708	112.04232117645708	867.9074943067577	867.9074943067577	867.9074943067577	7.759563267130836	7.759563267130836	7.759563267130836	1906.0280554150588	1906.0280554150588	1906.0280554150588	0.0999963154689896	0.0999963154689896	0.0999963154689896	0.009091213607804184	0.009091213607804184	0.009091213607804184	710	2000	200	0.7	0.00005	1.7
73	3	1	0.0010462700749455313	0.0010462700749455313	0.0010462700749455313	0.10104627007494553	0.10104627007494553	0.10104627007494553	0.7387409709857643	0.7387409709857643	0.7387409709857643	2839.811017372928	2839.811017372928	2839.811017372928	111.8130409928562	111.8130409928562	111.8130409928562	867.9074943067577	867.9074943067577	867.9074943067577	7.74031005565463	7.74031005565463	7.74031005565463	1906.0280554150588	1906.0280554150588	1906.0280554150588	0.09999631584101094	0.09999631584101094	0.09999631584101094	0.00909121357705656	0.00909121357705656	0.00909121357705656	720	2000	200	0.7	0.00005	1.7
74	3	1	0.0010463399001504623	0.0010463399001504623	0.0010463399001504623	0.10104633990015047	0.10104633990015047	0.10104633990015047	0.7405323206209672	0.7405323206209672	0.7405323206209672	2840.2558238681636	2840.2558238681636	2840.2558238681636	111.59063774523825	111.59063774523825	111.59063774523825	867.9074943067577	867.9074943067577	867.9074943067577	7.721586225230959	7.721586225230959	7.721586225230959	1906.0280554150588	1906.0280554150588	1906.0280554150588	0.09999631617213495	0.09999631617213495	0.09999631617213495	0.009091213549689106	0.009091213549689106	0.009091213549689106	730	2000	200	0.7	0.00005	1.7
75	3	1	0.0010464158636424338	0.0010464158636424338	0.0010464158636424338	0.10104641586364244	0.10104641586364244	0.10104641586364244	0.7422834406015503	0.7422834406015503	0.7422834406015503	2840.6874498240727	2840.6874498240727	2840.6874498240727	111.37482476728384	111.37482476728384	111.37482476728384	867.9074943067577	867.9074943067577	867.9074943067577	7.703370240364263	7.703370240364263	7.703370240364263	1906.0280554150588	1906.0280554150588	1906.0280554150588	0.09999631646445792	0.09999631646445792	0.09999631646445792	0.009091213525528564	0.009091213525528564	0.009091213525528564	740	2000	200	0.7	0.00005	1.7
76	3	1	0.0010464976102964086	0.0010464976102964086	0.0010464976102964086	0.10104649761029641	0.10104649761029641	0.10104649761029641	0.7439956709022493	0.7439956709022493	0.7439956709022493	2841.106437719838	2841.106437719838	2841.106437719838	111.16533081940106	111.16533081940106	111.16533081940106	867.9074943067577	867.9074943067577	867.9074943067577	7.685641717929369	7.685641717929369	7.685641717929369	1906.0280554150588	1906.0280554150588	1906.0280554150588	0.09999631671995474	0.09999631671995474	0.09999631671995474	0.009091213504411711	0.009091213504411711	0.009091213504411711	750	2000	200	0.7	0.00005	1.7
77	3	1	0.0010465848058405353	0.0010465848058405353	0.0010465848058405353	0.10104658480584054	0.10104658480584054	0.10104658480584054	0.7456702926508808	0.7456702926508808	0.7456702926508808	2841.5133012169163	2841.5133012169163	2841.5133012169163	110.96189907086189	110.96189907086189	110.96189907086189	867.9074943067577	867.9074943067577	867.9074943067577	7.668381351115936	7.668381351115936	7.668381351115936	1906.0280554150588	1906.0280554150588	1906.0280554150588	0.09999631694048715	0.09999631694048715	0.09999631694048715	0.009091213486184671	0.009091213486184671	0.009091213486184671	760	2000	200	0.7	0.00005	1.7
78	3	1	0.0010466771354381967	0.0010466771354381967	0.0010466771354381967	0.10104667713543819	0.10104667713543819	0.10104667713543819	0.7473085313231221	0.7473085313231221	0.7473085313231221	2841.908527035998	2841.908527035998	2841.908527035998	110.76428616132117	110.76428616132117	110.76428616132117	867.9074943067577	867.9074943067577	867.9074943067577	7.651570839317483	7.651570839317483	7.651570839317483	1906.0280554150588	1906.0280554150588	1906.0280554150588	0.09999631712781148	0.09999631712781148	0.09999631712781148	0.009091213470702283	0.009091213470702283	0.009091213470702283	770	2000	200	0.7	0.00005	1.7
79	3	1	0.0010467743023820965	0.0010467743023820965	0.0010467743023820965	0.1010467743023821	0.1010467743023821	0.1010467743023821	0.7489115597314383	0.7489115597314383	0.7489115597314383	2842.292576689455	2842.292576689455	2842.292576689455	110.5722613345925	110.5722613345925	110.5722613345925	867.9074943067577	867.9074943067577	867.9074943067577	7.635192823429908	7.635192823429908	7.635192823429908	1906.0280554150588	1906.0280554150588	1906.0280554150588	0.09999631728358568	0.09999631728358568	0.09999631728358568	0.009091213457827521	0.009091213457827521	0.009091213457827521	780	2000	200	0.7	0.00005	1.7
80	3	1	0.0010468760268902556	0.0010468760268902556	0.0010468760268902556	0.10104687602689026	0.10104687602689026	0.10104687602689026	0.7504805008234618	0.7504805008234618	0.7504805008234618	2842.6658880820846	2842.6658880820846	2842.6658880820846	110.38560563827771	110.38560563827771	110.38560563827771	867.9074943067577	867.9074943067577	867.9074943067577	7.619230826078799	7.619230826078799	7.619230826078799	1906.0280554150588	1906.0280554150588	1906.0280554150588	0.09999631740937577	0.09999631740937577	0.09999631740937577	0.00909121344743095	0.00909121344743095	0.00909121344743095	790	2000	200	0.7	0.00005	1.7
81	3	1	0.0010469820449948142	0.0010469820449948142	0.0010469820449948142	0.10104698204499482	0.10104698204499482	0.10104698204499482	0.7520164303038449	0.7520164303038449	0.7520164303038449	2843.0288769916665	2843.0288769916665	2843.0288769916665	110.20411118348682	110.20411118348682	110.20411118348682	867.9074943067577	867.9074943067577	867.9074943067577	7.603669196343012	7.603669196343012	7.603669196343012	1906.0280554150588	1906.0280554150588	1906.0280554150588	0.09999631750666194	0.09999631750666194	0.09999631750666194	0.009091213439390233	0.009091213439390233	0.009091213439390233	800	2000	200	0.7	0.00005	1.7
82	3	1	0.0010470921075154537	0.0010470921075154537	0.0010470921075154537	0.10104709210751546	0.10104709210751546	0.10104709210751546	0.753520379092437	0.753520379092437	0.753520379092437	2843.3819384397325	2843.3819384397325	2843.3819384397325	110.02758045945387	110.02758045945387	110.02758045945387	867.9074943067577	867.9074943067577	867.9074943067577	7.5884930585848425	7.5884930585848425	7.5884930585848425	1906.0280554150588	1906.0280554150588	1906.0280554150588	0.09999631757684399	0.09999631757684399	0.09999631757684399	0.009091213433589675	0.009091213433589675	0.009091213433589675	810	2000	200	0.7	0.00005	1.7
83	3	1	0.0010472059791100674	0.0010472059791100674	0.0010472059791100674	0.10104720597911007	0.10104720597911007	0.10104720597911007	0.7549933356305863	0.7549933356305863	0.7549933356305863	2843.725447961917	2843.725447961917	2843.725447961917	109.85582569836157	109.85582569836157	109.85582569836157	867.9074943067577	867.9074943067577	867.9074943067577	7.57368826503523	7.57368826503523	7.57368826503523	1906.0280554150588	1906.0280554150588	1906.0280554150588	0.09999631762124658	0.09999631762124658	0.09999631762124658	0.009091213429919795	0.009091213429919795	0.009091213429919795	820	2000	200	0.7	0.00005	1.7
84	3	1	0.0010473234373960286	0.0010473234373960286	0.0010473234373960286	0.10104732343739603	0.10104732343739603	0.10104732343739603	0.7564362480463952	0.7564362480463952	0.7564362480463952	2844.0597627863626	2844.0597627863626	2844.0597627863626	109.68866828613876	109.68866828613876	109.68866828613876	867.9074943067577	867.9074943067577	867.9074943067577	7.559241351816425	7.559241351816425	7.559241351816425	1906.0280554150588	1906.0280554150588	1906.0280554150588	0.09999631764112384	0.09999631764112384	0.09999631764112384	0.009091213428276936	0.009091213428276936	0.009091213428276936	830	2000	200	0.7	0.00005	1.7
85	3	1	0.0010474442721360518	0.0010474442721360518	0.0010474442721360518	0.10104744427213605	0.10104744427213605	0.10104744427213605	0.757850026188889	0.757850026188889	0.757850026188889	2844.3852229278423	2844.3852229278423	2844.3852229278423	109.52593821539892	109.52593821539892	109.52593821539892	867.9074943067577	867.9074943067577	867.9074943067577	7.545139498114873	7.545139498114873	7.545139498114873	1906.0280554150588	1906.0280554150588	1906.0280554150588	0.09999631763766387	0.09999631763766387	0.09999631763766387	0.009091213428562903	0.009091213428562903	0.009091213428562903	840	2000	200	0.7	0.00005	1.7
86	3	1	0.0010475682844832178	0.0010475682844832178	0.0010475682844832178	0.10104756828448322	0.10104756828448322	0.10104756828448322	0.7592355435402691	0.7592355435402691	0.7592355435402691	2844.702152204546	2844.702152204546	2844.702152204546	109.36747357704705	109.36747357704705	109.36747357704705	867.9074943067577	867.9074943067577	867.9074943067577	7.531370488244133	7.531370488244133	7.531370488244133	1906.0280554150588	1906.0280554150588	1906.0280554150588	0.09999631761199275	0.09999631761199275	0.09999631761199275	0.009091213430684624	0.009091213430684624	0.009091213430684624	850	2000	200	0.7	0.00005	1.7
87	3	1	0.0010476952862802469	0.0010476952862802469	0.0010476952862802469	0.10104769528628024	0.10104769528628024	0.10104769528628024	0.7605936390146806	0.7605936390146806	0.7605936390146806	2845.0108591838252	2845.0108591838252	2845.0108591838252	109.21312008740755	109.21312008740755	109.21312008740755	867.9074943067577	867.9074943067577	867.9074943067577	7.517922676362022	7.517922676362022	7.517922676362022	1906.0280554150588	1906.0280554150588	1906.0280554150588	0.09999631756517836	0.09999631756517836	0.09999631756517836	0.009091213434553842	0.009091213434553842	0.009091213434553842	860	2000	200	0.7	0.00005	1.7
88	3	1	0.0010478250994085633	0.0010478250994085633	0.0010478250994085633	0.10104782509940856	0.10104782509940856	0.10104782509940856	0.761925118651279	0.761925118651279	0.761925118651279	2845.3116380626147	2845.3116380626147	2845.3116380626147	109.06273064801276	109.06273064801276	109.06273064801276	867.9074943067577	867.9074943067577	867.9074943067577	7.504784953627776	7.504784953627776	7.504784953627776	1906.0280554150588	1906.0280554150588	1906.0280554150588	0.0999963174982339	0.0999963174982339	0.0999963174982339	0.009091213440086812	0.009091213440086812	0.009091213440086812	870	2000	200	0.7	0.00005	1.7
89	3	1	0.0010479575551831097	0.0010479575551831097	0.0010479575551831097	0.10104795755518312	0.10104795755518312	0.10104795755518312	0.7632307572087705	0.7632307572087705	0.7632307572087705	2845.604769487733	2845.604769487733	2845.604769487733	108.91616493545372	108.91616493545372	108.91616493545372	867.9074943067577	867.9074943067577	867.9074943067577	7.491946717604672	7.491946717604672	7.491946717604672	1906.0280554150588	1906.0280554150588	1906.0280554150588	0.09999631741212112	0.09999631741212112	0.09999631741212112	0.009091213447204047	0.009091213447204047	0.009091213447204047	880	2000	200	0.7	0.00005	1.7
90	3	1	0.0010480924937892359	0.0010480924937892359	0.0010480924937892359	0.10104809249378924	0.10104809249378924	0.10104809249378924	0.7645112996680474	0.7645112996680474	0.7645112996680474	2845.8905213207863	2845.8905213207863	2845.8905213207863	108.77328901892695	108.77328901892695	108.77328901892695	867.9074943067577	867.9074943067577	867.9074943067577	7.479397843730998	7.479397843730998	7.479397843730998	1906.0280554150588	1906.0280554150588	1906.0280554150588	0.09999631730775337	0.09999631730775337	0.09999631730775337	0.009091213455830058	0.009091213455830058	0.009091213455830058	890	2000	200	0.7	0.00005	1.7
91	3	1	0.0010482297637583204	0.0010482297637583204	0.0010482297637583204	0.10104822976375832	0.10104822976375832	0.10104822976375832	0.7657674626490417	0.7657674626490417	0.7657674626490417	2846.169149351995	2846.169149351995	2846.169149351995	108.63397500332252	108.63397500332252	108.63397500332252	867.9074943067577	867.9074943067577	867.9074943067577	7.467128658698088	7.467128658698088	7.467128658698088	1906.0280554150588	1906.0280554150588	1906.0280554150588	0.09999631718599845	0.09999631718599845	0.09999631718599845	0.009091213465893122	0.009091213465893122	0.009091213465893122	900	2000	200	0.7	0.00005	1.7
92	3	1	0.0010483692214790848	0.0010483692214790848	0.0010483692214790848	0.10104836922147908	0.10104836922147908	0.10104836922147908	0.7669999357474521	0.7669999357474521	0.7669999357474521	2846.4408979668656	2846.4408979668656	2846.4408979668656	108.49810069588722	108.49810069588722	108.49810069588722	867.9074943067577	867.9074943067577	867.9074943067577	7.455129915588356	7.455129915588356	7.455129915588356	1906.0280554150588	1906.0280554150588	1906.0280554150588	0.09999631704768125	0.09999631704768125	0.09999631704768125	0.009091213477325062	0.009091213477325062	0.009091213477325062	910	2000	200	0.7	0.00005	1.7
93	3	1	0.0010485107307418235	0.0010485107307418235	0.0010485107307418235	0.10104851073074182	0.10104851073074182	0.10104851073074182	0.7682093827965846	0.7682093827965846	0.7682093827965846	2846.706000769304	2846.706000769304	2846.706000769304	108.36554929466806	108.36554929466806	108.36554929466806	867.9074943067577	867.9074943067577	867.9074943067577	7.443392770639041	7.443392770639041	7.443392770639041	1906.0280554150588	1906.0280554150588	1906.0280554150588	0.09999631689358618	0.09999631689358618	0.09999631689358618	0.009091213490061045	0.009091213490061045	0.009091213490061045	920	2000	200	0.7	0.00005	1.7
94	3	1	0.0010486541623130207	0.0010486541623130207	0.0010486541623130207	0.10104865416231303	0.10104865416231303	0.10104865416231303	0.7693964430591522	0.7693964430591522	0.7693964430591522	2846.964681164449	2846.964681164449	2846.964681164449	108.23620909709571	108.23620909709571	108.23620909709571	867.9074943067577	867.9074943067577	867.9074943067577	7.431908761509004	7.431908761509004	7.431908761509004	1906.0280554150588	1906.0280554150588	1906.0280554150588	0.09999631672445948	0.09999631672445948	0.09999631672445948	0.009091213504039393	0.009091213504039393	0.009091213504039393	930	2000	200	0.7	0.00005	1.7
95	3	1	0.001048799393538043	0.001048799393538043	0.001048799393538043	0.10104879939353804	0.10104879939353804	0.10104879939353804	0.7705617323535287	0.7705617323535287	0.7705617323535287	2847.217152904226	2847.217152904226	2847.217152904226	108.10997322720709	108.10997322720709	108.10997322720709	867.9074943067577	867.9074943067577	867.9074943067577	7.420669786936366	7.420669786936366	7.420669786936366	1906.0280554150588	1906.0280554150588	1906.0280554150588	0.09999631654101139	0.09999631654101139	0.09999631654101139	0.009091213519201407	0.009091213519201407	0.009091213519201407	940	2000	200	0.7	0.00005	1.7
96	3	1	0.0010489463079697931	0.0010489463079697931	0.0010489463079697931	0.10104894630796979	0.10104894630796979	0.10104894630796979	0.7717058441186219	0.7717058441186219	0.7717058441186219	2847.4636205983747	2847.4636205983747	2847.4636205983747	107.98673938013282	107.98673938013282	107.98673938013282	867.9074943067577	867.9074943067577	867.9074943067577	7.409668087684234	7.409668087684234	7.409668087684234	1906.0280554150588	1906.0280554150588	1906.0280554150588	0.09999631634391813	0.09999631634391813	0.09999631634391813	0.009091213535491197	0.009091213535491197	0.009091213535491197	950	2000	200	0.7	0.00005	1.7
97	3	1	0.0010490947950213877	0.0010490947950213877	0.0010490947950213877	0.10104909479502139	0.10104909479502139	0.10104909479502139	0.7728293504212372	0.7728293504212372	0.7728293504212372	2847.704280193462	2847.704280193462	2847.704280193462	107.866409582589	107.866409582589	107.866409582589	867.9074943067577	867.9074943067577	867.9074943067577	7.398896228680349	7.398896228680349	7.398896228680349	1906.0280554150588	1906.0280554150588	1906.0280554150588	0.09999631613382379	0.09999631613382379	0.09999631613382379	0.00909121355285553	0.00909121355285553	0.00909121355285553	960	2000	200	0.7	0.00005	1.7
98	3	1	0.0010492447496410935	0.0010492447496410935	0.0010492447496410935	0.1010492447496411	0.1010492447496411	0.1010492447496411	0.7739328029095168	0.7739328029095168	0.7739328029095168	2847.939319422203	2847.939319422203	2847.939319422203	107.74888996821869	107.74888996821869	107.74888996821869	867.9074943067577	867.9074943067577	867.9074943067577	7.388347082264321	7.388347082264321	7.388347082264321	1906.0280554150588	1906.0280554150588	1906.0280554150588	0.09999631591134202	0.09999631591134202	0.09999631591134202	0.009091213571243683	0.009091213571243683	0.009091213571243683	970	2000	200	0.7	0.00005	1.7
99	3	1	0.0010493960720078903	0.0010493960720078903	0.0010493960720078903	0.10104939607200789	0.10104939607200789	0.10104939607200789	0.7750167337157955	0.7750167337157955	0.7750167337157955	2848.1689182252	2848.1689182252	2848.1689182252	107.63409056672029	107.63409056672029	107.63409056672029	867.9074943067577	867.9074943067577	867.9074943067577	7.378013812463101	7.378013812463101	7.378013812463101	1906.0280554150588	1906.0280554150588	1906.0280554150588	0.09999631567705781	0.09999631567705781	0.09999631567705781	0.009091213590607312	0.009091213590607312	0.009091213590607312	980	2000	200	0.7	0.00005	1.7
100	3	1	0.0010495486672461728	0.0010495486672461728	0.0010495486672461728	0.10104954866724618	0.10104954866724618	0.10104954866724618	0.7760816563119767	0.7760816563119767	0.7760816563119767	2848.3932491470646	2848.3932491470646	2848.3932491470646	107.52192510578777	107.52192510578777	107.52192510578777	867.9074943067577	867.9074943067577	867.9074943067577	7.3678898602218315	7.3678898602218315	7.3678898602218315	1906.0280554150588	1906.0280554150588	1906.0280554150588	0.09999631543152893	0.09999631543152893	0.09999631543152893	0.009091213610900315	0.009091213610900315	0.009091213610900315	990	2000	200	0.7	0.00005	1.7
101	3	1	0.0010497024451582191	0.0010497024451582191	0.0010497024451582191	0.10104970244515822	0.10104970244515822	0.10104970244515822	0.7771280663203133	0.7771280663203133	0.7771280663203133	2848.6124777087102	2848.6124777087102	2848.6124777087102	107.41231082496489	107.41231082496489	107.41231082496489	867.9074943067577	867.9074943067577	867.9074943067577	7.357968929523029	7.357968929523029	7.357968929523029	1906.0280554150588	1906.0280554150588	1906.0280554150588	0.09999631517528737	0.09999631517528737	0.09999631517528737	0.009091213632078723	0.009091213632078723	0.009091213632078723	1000	2000	200	0.7	0.00005	1.7
